20,94,114
88,59,147
73,93,166
56,81,137
56,35,91
1,11,12
46,60,106
24,39,63
99,79,178
91,65,156
5,49,54
48,1,49
60,18,78
81,67,148
59,44,103
74,91,165
13,44,57
76,11,87
40,97,137
38,28,66
47,71,118
99,79,178
66,14,80
30,77,107
14,69,83
21,46,67
30,82,112
52,30,82
42,90,132
17,62,79
1,34,35
23,11,34
3,65,68
33,97,130
34,20,54
97,63,160
65,24,89
95,84,179
93,6,99
97,23,120
63,70,133
4,11,15
31,38,69
39,6,45
66,52,118
58,20,78
28,59,87
36,8,44
33,73,106
6,78,84
58,95,153
94,65,159
14,77,91
26,99,125
74,43,117
16,15,31
62,8,70
79,100,179
98,8,106
13,93,106
88,24,112
89,32,121
41,36,77
11,81,92
5,95,100
23,80,103
96,78,174
38,82,120
84,21,105
64,59,123
22,93,115
92,76,168
15,48,63
99,47,146
82,6,88
62,6,68
43,70,113
96,91,187
34,1,35
55,28,83
35,48,83
35,26,61
27,8,35
37,74,111
26,71,97
54,86,140
18,20,38
80,5,85
68,100,168
41,72,113
19,94,113
5,24,29
72,66,138
67,66,133
60,20,80
8,25,33
42,83,125
87,90,177
21,46,67
58,63,121
92,25,117
71,82,153
32,39,71
96,4,100
37,64,101
28,48,76
98,11,109
94,33,127
11,60,71
11,99,110
2,6,8
65,88,153
83,100,183
29,50,79
69,74,143
46,1,47
83,27,110
23,15,38
35,56,91
35,48,83
20,34,54
45,97,142
95,89,184
4,93,97
94,11,105
80,47,127
25,6,31
10,98,108
6,2,8
30,30,60
73,66,139
42,64,106
61,16,77
96,45,141
32,16,48
74,11,85
73,42,115
99,84,183
54,81,135
72,63,135
23,56,79
44,57,101
84,30,114
27,93,120
44,47,91
59,45,104
10,76,86
74,97,171
86,40,126
91,66,157
37,26,63
95,18,113
13,25,38
70,19,89
89,62,151
34,82,116
76,78,154
67,43,110
57,51,108
18,49,67
4,96,100
76,74,150
51,37,88
11,90,101
86,73,159
23,17,40
94,72,166
30,23,53
54,28,82
86,13,99
17,75,92
68,27,95
57,79,136
72,100,172
47,47,94
62,22,84
78,93,171
83,30,113
49,83,132
27,100,127
62,60,122
8,18,26
39,100,139
6,46,52
100,33,133
39,50,89
44,53,97
85,14,99
41,51,92
93,100,193
68,82,150
5,11,16
16,13,29
13,7,20
48,98,146
38,6,44
33,64,97
58,7,65
37,46,83
32,34,66
68,74,142
22,14,36
89,52,141
17,63,80
6,43,49
54,98,152
53,21,74
100,31,131
76,44,120
94,59,153
39,35,74
69,58,127
44,35,79
86,100,186
1,57,58
81,53,134
48,51,99
21,23,44
60,80,140
59,44,103
78,99,177
19,65,84
86,75,161
99,58,157
2,27,29
96,76,172
81,22,103
84,61,145
38,45,83
57,100,157
98,91,189
75,47,122
71,41,112
36,94,130
22,85,107
24,49,73
27,52,79
35,68,103
28,66,94
10,41,51
20,57,77
59,28,87
71,71,142
3,51,54
47,19,66
87,70,157
25,21,46
92,65,157
61,42,103
60,5,65
33,62,95
35,56,91
59,82,141
64,67,131
14,54,68
8,31,39
97,90,187
79,41,120
40,96,136
30,79,109
9,56,65
77,39,116
47,68,115
38,54,92
33,7,40
49,7,56
47,98,145
93,99,192
38,15,53
66,29,95
86,30,116
77,92,169
99,84,183
97,14,111
80,30,110
33,25,58
39,61,100
9,43,52
29,37,66
64,63,127
37,68,105
82,75,157
10,28,38
25,8,33
44,92,136
37,61,98
68,55,123
3,51,54
70,72,142
50,55,105
30,16,46
6,22,28
30,76,106
15,22,37
78,63,141
45,29,74
90,71,161
67,17,84
3,96,99
82,93,175
76,38,114
3,62,65
35,12,47
8,67,75
86,30,116
53,69,122
31,94,125
82,74,156
78,98,176
69,59,128
26,47,73
95,91,186
65,95,160
45,32,77
15,4,19
46,12,58
2,42,44
18,87,105
63,1,64
50,2,52
84,89,173
92,4,96
91,10,101
47,51,98
38,69,107
50,54,104
67,30,97
85,4,89
45,22,67
69,22,91
35,18,53
99,70,169
61,85,146
66,7,73
51,70,121
33,70,103
43,65,108
86,82,168
48,30,78
22,38,60
69,97,166
67,81,148
40,23,63
46,2,48
85,54,139
17,18,35
48,87,135
6,72,78
17,98,115
66,63,129
32,44,76
93,67,160
80,93,173
100,85,185
96,26,122
91,83,174
86,2,88
37,64,101
13,6,19
30,69,99
55,13,68
51,1,52
100,55,155
74,60,134
11,46,57
20,72,92
1,32,33
2,41,43
84,54,138
66,21,87
38,66,104
45,86,131
36,51,87
53,44,97
74,98,172
41,73,114
95,33,128
51,17,68
26,39,65
51,61,112
16,28,44
29,71,100
57,91,148
88,51,139
46,53,99
45,80,125
50,71,121
55,2,57
25,50,75
3,9,12
89,22,111
63,75,138
84,52,136
13,22,35
50,40,90
83,16,99
15,49,64
34,85,119
57,21,78
68,72,140
100,69,169
20,14,34
8,39,47
56,50,106
26,37,63
77,69,146
5,6,11
23,61,84
47,37,84
42,91,133
84,57,141
69,97,166
39,82,121
100,9,109
23,57,80
83,81,164
61,22,83
65,14,79
28,23,51
99,90,189
80,10,90
43,84,127
58,18,76
36,12,48
94,4,98
32,8,40
81,2,83
46,57,103
11,40,51
25,42,67
55,72,127
26,11,37
91,16,107
68,84,152
5,65,70
37,76,113
67,72,139
24,12,36
22,22,44
96,35,131
100,84,184
13,53,66
70,84,154
68,23,91
17,60,77
18,100,118
84,32,116
54,56,110
96,72,168
91,76,167
51,44,95
14,16,30
87,26,113
62,58,120
52,58,110
96,20,116
40,27,67
85,56,141
30,72,102
10,63,73
50,51,101
100,18,118
88,66,154
4,47,51
29,13,42
8,46,54
10,84,94
85,35,120
10,77,87
100,19,119
54,20,74
2,84,86
78,74,152
6,24,30
32,25,57
84,43,127
71,85,156
72,53,125
64,34,98
86,14,100
7,24,31
17,7,24
14,13,27
26,31,57
47,84,131
66,39,105
62,38,100
6,85,91
61,98,159
87,43,130
55,7,62
49,6,55
11,75,86
35,46,81
55,79,134
31,76,107
2,29,31
15,73,88
95,52,147
83,84,167
99,61,160
32,92,124
50,49,99
64,42,106
89,99,188
53,79,132
4,20,24
56,89,145
17,48,65
36,77,113
70,97,167
26,53,79
19,39,58
92,85,177
89,71,160
73,62,135
60,61,121
9,90,99
1,45,46
49,53,102
11,21,32
50,14,64
11,32,43
49,89,138
55,50,105
11,82,93
45,27,72
93,97,190
91,69,160
76,79,155
78,90,168
22,85,107
43,6,49
52,27,79
12,23,35
34,31,65
51,89,140
25,46,71
51,18,69
56,29,85
9,70,79
49,46,95
28,49,77
69,63,132
89,94,183
83,7,90
18,56,74
50,22,72
15,66,81
88,35,123
9,35,44
4,40,44
1,82,83
89,84,173
34,38,72
18,52,70
39,78,117
51,56,107
90,41,131
57,76,133
54,81,135
32,44,76
99,38,137
75,47,122
89,58,147
55,44,99
5,90,95
47,98,145
78,94,172
87,18,105
68,56,124
17,90,107
23,75,98
54,50,104
90,15,105
52,78,130
50,9,59
22,24,46
36,31,67
51,42,93
9,35,44
11,39,50
66,93,159
15,66,81
39,59,98
96,38,134
54,100,154
71,27,98
48,72,120
60,71,131
71,87,158
19,47,66
78,39,117
58,26,84
77,3,80
91,31,122
4,61,65
18,40,58
72,47,119
18,75,93
49,78,127
77,98,175
9,37,46
97,50,147
54,33,87
4,36,40
33,25,58
56,46,102
50,17,67
18,23,41
78,43,121
6,17,23
6,7,13
5,87,92
65,15,80
18,85,103
98,51,149
63,35,98
23,16,39
38,62,100
73,34,107
18,62,80
37,48,85
69,96,165
24,17,41
89,97,186
66,23,89
69,73,142
27,87,114
72,54,126
53,18,71
64,81,145
20,11,31
51,16,67
76,59,135
21,14,35
73,95,168
25,21,46
22,6,28
90,6,96
57,21,78
66,73,139
15,48,63
10,94,104
1,70,71
57,32,89
55,61,116
100,99,199
68,85,153
81,60,141
9,54,63
73,34,107
80,96,176
80,63,143
18,61,79
76,26,102
34,38,72
62,9,71
14,6,20
48,40,88
27,28,55
45,91,136
53,20,73
43,24,67
62,2,64
10,86,96
51,89,140
37,69,106
20,42,62
18,18,36
90,56,146
12,43,55
75,2,77
17,81,98
75,100,175
98,74,172
69,100,169
40,92,132
69,73,142
41,95,136
32,96,128
54,16,70
15,77,92
42,43,85
76,97,173
78,66,144
5,66,71
74,57,131
24,30,54
42,47,89
89,75,164
43,25,68
96,57,153
88,87,175
35,100,135
25,62,87
86,19,105
34,20,54
69,49,118
18,84,102
43,57,100
11,15,26
89,78,167
6,48,54
57,23,80
82,87,169
43,83,126
51,43,94
76,40,116
29,79,108
39,26,65
50,34,84
52,35,87
15,12,27
92,54,146
24,13,37
73,59,132
93,60,153
82,47,129
11,65,76
46,69,115
5,99,104
2,44,46
61,82,143
3,50,53
90,33,123
69,52,121
37,89,126
51,56,107
66,81,147
99,88,187
91,47,138
42,70,112
42,88,130
60,29,89
14,1,15
62,19,81
65,39,104
53,87,140
71,46,117
41,66,107
75,57,132
70,35,105
48,55,103
82,40,122
65,42,107
13,1,14
17,60,77
95,88,183
60,32,92
60,69,129
86,56,142
87,72,159
1,45,46
56,78,134
25,62,87
4,12,16
53,41,94
8,78,86
44,26,70
68,61,129
7,29,36
30,48,78
19,95,114
83,94,177
7,63,70
74,32,106
98,99,197
98,84,182
85,2,87
32,99,131
11,54,65
4,8,12
73,28,101
52,79,131
25,26,51
39,14,53
88,8,96
100,79,179
66,38,104
7,36,43
20,95,115
1,9,10
82,81,163
85,31,116
5,31,36
93,17,110
99,98,197
49,83,132
30,99,129
57,1,58
71,86,157
92,49,141
71,80,151
25,6,31
9,95,104
91,20,111
7,74,81
94,100,194
24,13,37
72,57,129
93,14,107
72,70,142
18,12,30
97,58,155
54,95,149
97,17,114
52,3,55
73,62,135
1,39,40
45,2,47
73,13,86
53,6,59
60,49,109
26,87,113
61,36,97
69,11,80
25,38,63
98,95,193
12,19,31
46,24,70
87,6,93
69,11,80
44,7,51
50,53,103
53,58,111
32,83,115
22,73,95
2,97,99
2,64,66
67,8,75
57,53,110
10,69,79
74,16,90
92,19,111
32,32,64
32,74,106
72,43,115
42,22,64
51,16,67
49,28,77
96,43,139
96,95,191
98,70,168
73,14,87
95,10,105
18,35,53
10,95,105
49,81,130
18,20,38
82,42,124
75,83,158
52,9,61
79,38,117
32,87,119
94,49,143
49,100,149
67,39,106
7,84,91
36,75,111
48,65,113
64,33,97
10,93,103
13,18,31
78,47,125
86,69,155
13,88,101
82,12,94
83,38,121
3,65,68
12,77,89
46,30,76
67,92,159
43,46,89
76,6,82
94,89,183
42,21,63
68,5,73
39,100,139
30,8,38
100,15,115
65,35,100
86,8,94
5,80,85
72,57,129
87,28,115
76,64,140
91,57,148
51,38,89
46,93,139
32,5,37
63,45,108
100,4,104
14,8,22
15,55,70
68,71,139
3,91,94
38,12,50
14,86,100
42,81,123
52,92,144
77,81,158
79,29,108
6,77,83
17,25,42
35,88,123
21,74,95
44,41,85
79,6,85
53,85,138
64,53,117
20,78,98
96,23,119
44,82,126
45,29,74
53,95,148
6,100,106
58,7,65
38,78,116
35,90,125
80,27,107
42,22,64
95,28,123
23,41,64
48,86,134
87,7,94
38,87,125
67,59,126
72,50,122
17,49,66
74,79,153
86,6,92
17,73,90
65,36,101
49,31,80
18,55,73
51,46,97
88,63,151
30,36,66
25,49,74
92,61,153
94,3,97
83,24,107
84,78,162
72,76,148
76,83,159
77,57,134
12,1,13
47,77,124
73,69,142
83,34,117
37,94,131
6,87,93
62,73,135
85,72,157
42,7,49
57,52,109
77,53,130
77,7,84
14,34,48
38,38,76
23,32,55
89,7,96
69,96,165
64,11,75
89,56,145
34,49,83
60,35,95
15,89,104
70,35,105
27,6,33
66,83,149
58,55,113
53,73,126
10,46,56
82,43,125
100,96,196
60,4,64
47,8,55
32,32,64
94,87,181
29,66,95
24,52,76
98,48,146
57,89,146
65,51,116
80,7,87
66,32,98
50,75,125
10,41,51
11,50,61
71,56,127
46,65,111
31,82,113
29,18,47
69,23,92
69,10,79
32,89,121
73,49,122
2,66,68
15,38,53
16,65,81
3,33,36
98,22,120
32,59,91
57,35,92
13,43,56
12,37,49
85,43,128
15,85,100
79,70,149
53,54,107
29,60,89
90,29,119
41,14,55
16,75,91
64,76,140
30,36,66
85,82,167
22,75,97
100,29,129
31,31,62
99,84,183
49,87,136
80,62,142
76,5,81
64,24,88
76,64,140
92,69,161
31,25,56
53,77,130
68,90,158
37,65,102
84,60,144
98,33,131
94,2,96
83,88,171
19,86,105
15,3,18
83,51,134
3,16,19
37,96,133
33,64,97
59,57,116
15,19,34
12,82,94
93,58,151
16,90,106
99,74,173
74,70,144
29,19,48
45,64,109
17,60,77
35,32,67
41,72,113
16,27,43
15,97,112
99,85,184
69,87,156
35,73,108
73,11,84
32,23,55
55,89,144
72,10,82
100,91,191
93,83,176
87,6,93
60,23,83
68,58,126
97,95,192
76,55,131
62,19,81
11,17,28
4,15,19
13,18,31
90,6,96
5,32,37
52,21,73
30,97,127
12,16,28
6,92,98
18,68,86
90,42,132
93,55,148
12,57,69
38,100,138
12,51,63
81,33,114
41,22,63
71,42,113
55,3,58
10,93,103
96,98,194
70,58,128
80,81,161
1,79,80
76,91,167
15,19,34
60,57,117
85,51,136
91,13,104
1,23,24
62,61,123
60,97,157
96,7,103
37,11,48
2,9,11
20,81,101
10,28,38
56,6,62
21,49,70
55,7,62
27,98,125
34,91,125
7,71,78
75,32,107
44,55,99
97,83,180
36,40,76
6,100,106
59,38,97
13,91,104
66,92,158
19,16,35
38,34,72
21,18,39
84,92,176
94,35,129
44,70,114
54,62,116
100,37,137
83,56,139
37,65,102
1,49,50
88,78,166
36,14,50
100,15,115
29,48,77
29,73,102
51,85,136
50,62,112
86,77,163
87,91,178
66,80,146
28,46,74
76,99,175
53,7,60
15,17,32
3,50,53
92,30,122
52,30,82
52,51,103
98,91,189
37,79,116
3,69,72
27,67,94
22,91,113
52,40,92
99,24,123
39,92,131
38,16,54
80,36,116
41,74,115
3,13,16
30,1,31
47,79,126
71,56,127
32,28,60
86,96,182
28,42,70
27,21,48
87,86,173
55,85,140
67,73,140
39,86,125
68,86,154
99,88,187
80,80,160
87,99,186
68,70,138
60,87,147
93,26,119
81,8,89
37,54,91
54,6,60
67,82,149
6,48,54
97,79,176
54,19,73
4,88,92
45,3,48
70,2,72
79,84,163
27,49,76
85,92,177
16,3,19
14,62,76
43,8,51
47,91,138
78,63,141
21,5,26
94,26,120
85,98,183
34,64,98
37,58,95
36,6,42
86,23,109
32,67,99
51,6,57
62,94,156
69,90,159
48,43,91
28,39,67
47,31,78
60,94,154
61,13,74
5,63,68
68,10,78
94,27,121
83,100,183
100,35,135
37,80,117
24,71,95
9,39,48
65,39,104
69,76,145
32,84,116
73,70,143
65,29,94
1,45,46
21,5,26
95,84,179
71,1,72
70,26,96
75,94,169
54,34,88
67,94,161
99,62,161
37,59,96
27,90,117
43,11,54
4,25,29
89,32,121
71,23,94
32,30,62
83,59,142
84,55,139
52,78,130
79,66,145
39,78,117
1,89,90
46,6,52
89,28,117
94,31,125
94,6,100
32,56,88
26,94,120
100,63,163
74,24,98
7,30,37
85,76,161
13,22,35
76,57,133
46,58,104
55,8,63
95,34,129
74,66,140
1,15,16
79,53,132
50,76,126
89,35,124
73,74,147
84,28,112
84,91,175
74,58,132
66,96,162
27,66,93
38,51,89
29,77,106
14,12,26
1,18,19
19,9,28
6,64,70
97,78,175
32,83,115
16,51,67
35,39,74
3,90,93
75,92,167
69,18,87
63,89,152
99,81,180
7,76,83
52,27,79
61,4,65
16,79,95
14,98,112
51,18,69
79,92,171
17,81,98
72,9,81
41,42,83
4,27,31
56,43,99
92,100,192
87,81,168
96,35,131
19,14,33
72,6,78
50,14,64
62,87,149
19,83,102
52,57,109
83,63,146
63,33,96
66,92,158
26,24,50
88,38,126
91,53,144
85,70,155
54,31,85
62,24,86
31,79,110
72,34,106
25,82,107
83,42,125
28,10,38
8,71,79
93,37,130
22,69,91
56,13,69
99,22,121
97,2,99
40,38,78
82,24,106
43,51,94
44,49,93
91,97,188
82,3,85
43,58,101
6,39,45
7,92,99
84,95,179
32,64,96
76,47,123
67,94,161
70,34,104
40,61,101
47,18,65
91,83,174
28,71,99
35,96,131
42,58,100
94,58,152
57,76,133
75,54,129
3,11,14
25,100,125
53,44,97
11,25,36
69,43,112
65,22,87
55,61,116
100,68,168
86,57,143
62,18,80
79,37,116
47,37,84
59,79,138
2,16,18
57,68,125
56,49,105
29,25,54
65,84,149
82,64,146
27,18,45
80,36,116
99,6,105
32,64,96
60,53,113
51,56,107
48,26,74
57,58,115
78,67,145
42,44,86
47,10,57
69,99,168
8,61,69
91,74,165
62,63,125
88,93,181
93,89,182
62,97,159
100,37,137
27,23,50
74,56,130
6,98,104
56,45,101
3,45,48
57,36,93
58,99,157
49,77,126
10,42,52
18,17,35
61,39,100
5,86,91
56,12,68
50,84,134
72,35,107
77,56,133
29,93,122
48,9,57
88,94,182
67,32,99
49,22,71
35,90,125
85,1,86
91,73,164
3,34,37
40,100,140
66,47,113
75,65,140
66,87,153
97,73,170
92,27,119
100,26,126
49,5,54
18,8,26
48,93,141
85,23,108
99,10,109
46,88,134
16,46,62
36,14,50
5,36,41
5,27,32
35,46,81
73,17,90
30,97,127
7,97,104
56,9,65
24,67,91
65,29,94
91,99,190
8,3,11
91,16,107
57,27,84
100,87,187
10,61,71
68,59,127
40,96,136
22,75,97
75,98,173
18,59,77
76,25,101
61,86,147
68,64,132
19,92,111
3,4,7
68,58,126
11,50,61
55,30,85
83,20,103
90,39,129
62,40,102
22,35,57
98,44,142
22,9,31
8,40,48
96,39,135
14,56,70
70,53,123
64,46,110
6,51,57
88,53,141
12,26,38
87,80,167
62,12,74
85,89,174
4,66,70
76,27,103
16,29,45
41,8,49
60,98,158
53,48,101
92,28,120
37,45,82
81,7,88
36,35,71
36,80,116
27,5,32
45,46,91
39,54,93
43,60,103
41,27,68
95,53,148
93,93,186
77,13,90
85,12,97
64,2,66
10,36,46
24,92,116
9,60,69
16,22,38
58,48,106
36,54,90
51,88,139
26,55,81
49,72,121
14,51,65
86,35,121
21,3,24
15,60,75
90,86,176
100,74,174
100,91,191
72,92,164
77,54,131
87,33,120
9,29,38
46,10,56
6,87,93
8,46,54
73,94,167
47,86,133
19,61,80
56,97,153
87,91,178
55,34,89
73,96,169
44,62,106
50,55,105
25,35,60
14,25,39
70,54,124
100,50,150
6,65,71
95,13,108
70,93,163
51,91,142
96,84,180
62,65,127
56,30,86
100,100,200
85,81,166
11,57,68
61,38,99
5,1,6
62,92,154
20,14,34
10,76,86
79,52,131
23,71,94
79,74,153
5,49,54
44,62,106
76,97,173
55,21,76
45,81,126
21,74,95
87,10,97
81,29,110
19,83,102
95,56,151
15,57,72
50,34,84
53,85,138
99,57,156
20,65,85
35,24,59
22,35,57
47,86,133
85,69,154
91,17,108
47,89,136
93,46,139
99,30,129
62,7,69
57,42,99
2,41,43
79,70,149
55,12,67
70,17,87
38,21,59
86,13,99
7,78,85
49,22,71
80,65,145
45,47,92
52,15,67
93,47,140
38,88,126
50,41,91
98,69,167
29,99,128
52,79,131
13,94,107
92,84,176
86,56,142
79,65,144
89,9,98
82,20,102
42,21,63
62,45,107
31,94,125
8,22,30
1,92,93
33,25,58
49,2,51
65,19,84
23,62,85
78,88,166
53,85,138
25,90,115
85,62,147
55,8,63
83,93,176
91,62,153
54,38,92
5,64,69
57,93,150
76,78,154
26,94,120
2,98,100
57,25,82
93,81,174
75,78,153
79,74,153
3,19,22
77,86,163
44,94,138
57,58,115
54,55,109
87,45,132
94,67,161
35,10,45
32,55,87
9,92,101
20,55,75
34,46,80
73,86,159
97,52,149
77,44,121
34,38,72
93,32,125
98,61,159
10,50,60
85,61,146
42,92,134
26,22,48
77,44,121
11,1,12
13,60,73
99,59,158
86,25,111
80,6,86
35,61,96
6,60,66
17,70,87
22,84,106
49,24,73
31,34,65
54,3,57
79,43,122
98,4,102
23,36,59
28,87,115
59,56,115
12,47,59
38,90,128
19,54,73
99,88,187
41,60,101
9,53,62
35,11,46
94,65,159
81,26,107
32,28,60
39,27,66
15,30,45
65,4,69
49,98,147
66,70,136
52,58,110
68,27,95
39,52,91
12,33,45
36,67,103
11,92,103
48,47,95
33,70,103
81,28,109
34,54,88
12,28,40
55,91,146
30,72,102
43,34,77
35,5,40
42,50,92
58,96,154
42,42,84
84,51,135
78,17,95
15,77,92
29,43,72
34,43,77
35,66,101
92,96,188
49,10,59
57,72,129
58,58,116
38,46,84
77,62,139
24,91,115
56,92,148
39,26,65
76,53,129
50,79,129
76,1,77
68,9,77
43,22,65
47,71,118
78,29,107
97,64,161
79,2,81
98,48,146
11,12,23
70,67,137
17,68,85
51,81,132
88,18,106
75,16,91
30,14,44
61,7,68
54,61,115
5,54,59
28,18,46
2,10,12
79,54,133
47,6,53
74,48,122
23,34,57
33,96,129
9,19,28
11,62,73
45,46,91
58,99,157
8,20,28
60,72,132
53,86,139
6,4,10
7,37,44
19,76,95
84,51,135
47,33,80
96,52,148
48,60,108
89,97,186
60,85,145
68,94,162
48,75,123
1,61,62
16,85,101
33,45,78
1,93,94
28,87,115
68,39,107
68,65,133
8,94,102
49,86,135
20,31,51
1,23,24
12,14,26
34,20,54
95,47,142
74,75,149
97,52,149
74,18,92
3,56,59
83,36,119
90,55,145
3,11,14
86,65,151
55,8,63
43,80,123
1,15,16
94,87,181
69,7,76
69,3,72
49,14,63
56,91,147
96,44,140
20,80,100
6,7,13
90,90,180
35,82,117
80,93,173
11,56,67
47,32,79
8,61,69
83,8,91
12,87,99
12,42,54
3,21,24
39,79,118
29,87,116
76,3,79
28,60,88
40,12,52
21,8,29
31,41,72
50,72,122
60,100,160
40,40,80
20,76,96
61,4,65
43,73,116
100,98,198
23,35,58
79,60,139
71,73,144
67,35,102
34,78,112
27,89,116
28,74,102
100,29,129
82,40,122
45,54,99
90,9,99
67,84,151
59,1,60
53,14,67
53,41,94
82,82,164
14,1,15
3,19,22
74,57,131
31,51,82
23,81,104
27,99,126
35,57,92
61,74,135
43,99,142
37,94,131
95,32,127
85,99,184
29,2,31
58,82,140
58,44,102
43,14,57
77,45,122
41,91,132
81,4,85
7,75,82
98,77,175
5,50,55
97,89,186
26,38,64
75,63,138
43,16,59
34,54,88
23,47,70
20,55,75
78,61,139
19,22,41
84,30,114
33,71,104
34,91,125
79,87,166
89,74,163
98,1,99
65,100,165
30,10,40
20,42,62
35,71,106
92,14,106
58,85,143
57,62,119
12,40,52
13,11,24
32,11,43
21,93,114
76,39,115
95,93,188
69,9,78
82,52,134
48,58,106
73,70,143
76,29,105
22,90,112
10,100,110
14,45,59
31,48,79
58,66,124
23,14,37
40,72,112
58,92,150
60,60,120
56,34,90
76,74,150
49,33,82
26,26,52
97,79,176
87,91,178
27,61,88
59,52,111
40,43,83
59,1,60
72,25,97
24,71,95
9,69,78
79,70,149
7,78,85
15,30,45
89,27,116
72,48,120
38,23,61
94,86,180
94,23,117
29,63,92
2,92,94
78,21,99
60,47,107
30,95,125
66,92,158
2,56,58
17,18,35
37,24,61
7,84,91
18,6,24
50,37,87
1,38,39
79,10,89
82,47,129
17,41,58
21,79,100
37,76,113
91,36,127
24,38,62
99,68,167
83,26,109
9,42,51
58,18,76
86,52,138
5,24,29
78,98,176
33,96,129
5,24,29
75,34,109
29,42,71
11,15,26
53,95,148
51,40,91
11,6,17
93,82,175
67,74,141
52,29,81
58,25,83
84,61,145
53,70,123
93,9,102
80,100,180
100,43,143
97,89,186
70,8,78
36,95,131
13,11,24
20,9,29
65,71,136
80,14,94
69,73,142
73,90,163
61,65,126
96,49,145
12,74,86
7,85,92
51,33,84
98,73,171
58,89,147
81,96,177
6,44,50
18,3,21
32,88,120
62,94,156
59,63,122
55,55,110
74,98,172
38,91,129
35,89,124
11,34,45
55,68,123
93,20,113
27,47,74
73,70,143
99,98,197
10,20,30
26,61,87
97,14,111
50,89,139
92,92,184
4,92,96
50,10,60
61,73,134
78,12,90
89,37,126
97,11,108
48,67,115
7,85,92
79,67,146
5,37,42
42,40,82
31,73,104
25,94,119
76,38,114
1,37,38
56,4,60
61,10,71
97,88,185
14,38,52
1,15,16
74,42,116
93,68,161
28,34,62
67,82,149
54,91,145
70,40,110
34,32,66
33,72,105
10,68,78
28,70,98
51,66,117
5,69,74
77,70,147
71,12,83
6,53,59
60,79,139
82,14,96
14,21,35
46,11,57
70,94,164
58,44,102
28,64,92
52,33,85
5,78,83
86,25,111
38,14,52
74,64,138
97,10,107
63,95,158
9,96,105
85,38,123
82,31,113
1,31,32
23,96,119
22,77,99
10,85,95
54,13,67
5,77,82
9,21,30
94,17,111
48,57,105
32,59,91
26,80,106
74,4,78
9,8,17
5,3,8
52,58,110
87,26,113
11,87,98
54,63,117
59,86,145
88,67,155
15,76,91
4,63,67
55,43,98
59,41,100
24,67,91
36,50,86
64,82,146
88,79,167
23,44,67
21,40,61
9,88,97
39,14,53
7,70,77
31,20,51
33,14,47
51,16,67
84,43,127
7,92,99
10,22,32
58,81,139
56,49,105
100,79,179
31,18,49
10,71,81
40,36,76
18,33,51
99,63,162
66,98,164
7,54,61
22,34,56
81,86,167
77,68,145
71,42,113
36,62,98
87,86,173
53,83,136
5,25,30
52,81,133
58,23,81
65,82,147
61,77,138
79,99,178
8,58,66
89,55,144
73,76,149
97,40,137
33,12,45
13,50,63
13,9,22
50,9,59
7,12,19
66,46,112
63,70,133
14,67,81
44,77,121
74,99,173
80,16,96
91,21,112
31,27,58
59,91,150
77,43,120
26,92,118
45,4,49
92,42,134
67,37,104
9,46,55
98,13,111
82,87,169
78,19,97
94,78,172
58,40,98
87,73,160
84,72,156
67,60,127
95,28,123
75,88,163
90,56,146
15,82,97
35,24,59
68,26,94
61,96,157
69,97,166
44,6,50
84,81,165
61,44,105
36,28,64
44,65,109
71,97,168
78,36,114
55,73,128
74,54,128
48,79,127
14,55,69
59,58,117
87,84,171
77,53,130
40,8,48
87,82,169
91,25,116
11,47,58
44,16,60
97,67,164
95,62,157
11,44,55
11,60,71
24,11,35
21,99,120
51,98,149
33,90,123
46,99,145
2,53,55
99,26,125
8,14,22
63,81,144
9,79,88
88,41,129
33,82,115
27,15,42
43,65,108
57,31,88
74,88,162
39,53,92
42,29,71
22,50,72
76,33,109
78,91,169
79,58,137
30,59,89
16,1,17
68,3,71
82,45,127
49,61,110
70,30,100
43,1,44
3,97,100
39,6,45
18,72,90
86,25,111
30,99,129
11,87,98
64,33,97
11,18,29
18,62,80
94,20,114
31,85,116
72,98,170
63,10,73
85,28,113
19,79,98
54,44,98
33,6,39
53,73,126
5,48,53
42,92,134
21,9,30
58,93,151
46,34,80
75,62,137
28,70,98
27,66,93
4,54,58
2,65,67
27,20,47
64,53,117
85,94,179
57,26,83
79,95,174
75,49,124
24,5,29
22,1,23
16,57,73
76,99,175
61,65,126
42,2,44
20,50,70
41,9,50
77,15,92
73,98,171
40,83,123
78,9,87
48,42,90
52,12,64
52,100,152
63,63,126
27,14,41
56,12,68
46,84,130
28,48,76
84,78,162
82,46,128
14,1,15
70,74,144
23,20,43
81,34,115
34,54,88
39,52,91
64,74,138
9,38,47
21,89,110
31,3,34
48,95,143
80,16,96
14,24,38
33,23,56
96,84,180
36,44,80
68,95,163
52,97,149
62,66,128
32,59,91
98,68,166
63,32,95
14,17,31
100,22,122
10,85,95
50,94,144
95,19,114
13,52,65
44,69,113
14,59,73
34,74,108
51,19,70
10,7,17
60,19,79
42,35,77
51,37,88
87,77,164
23,89,112
65,3,68
77,47,124
12,50,62
91,65,156
54,43,97
30,80,110
75,61,136
39,61,100
13,15,28
19,21,40
12,5,17
10,34,44
36,70,106
49,58,107
60,14,74
27,20,47
31,14,45
83,17,100
30,3,33
94,27,121
67,84,151
17,93,110
85,89,174
93,27,120
16,42,58
22,72,94
23,52,75
44,33,77
64,44,108
58,41,99
1,9,10
38,37,75
15,84,99
43,95,138
28,45,73
9,27,36
30,91,121
91,24,115
16,19,35
70,92,162
86,17,103
91,91,182
28,5,33
100,19,119
34,79,113
48,5,53
97,81,178
59,73,132
78,10,88
37,15,52
36,54,90
69,30,99
74,69,143
4,1,5
66,39,105
30,94,124
40,1,41
93,45,138
2,14,16
92,49,141
67,55,122
37,52,89
37,86,123
31,61,92
11,34,45
90,52,142
8,5,13
62,7,69
23,34,57
70,98,168
96,54,150
31,44,75
77,97,174
93,72,165
51,23,74
99,97,196
15,37,52
52,61,113
82,38,120
83,32,115
7,87,94
66,85,151
3,80,83
82,43,125
93,44,137
8,55,63
1,48,49
49,18,67
70,11,81
21,61,82
55,71,126
18,17,35
16,75,91
87,41,128
48,49,97
64,100,164
50,2,52
90,95,185
14,30,44
90,3,93
48,33,81
28,75,103
54,81,135
64,21,85
12,15,27
86,54,140
79,62,141
28,85,113
75,31,106
54,17,71
97,21,118
87,74,161
60,8,68
63,44,107
5,4,9
72,18,90
57,29,86
48,47,95
4,62,66
43,3,46
98,98,196
53,35,88
19,64,83
55,28,83
65,49,114
30,43,73
25,91,116
45,76,121
63,31,94
83,27,110
16,33,49
82,4,86
48,16,64
27,14,41
91,57,148
32,51,83
71,34,105
4,15,19
50,15,65
86,24,110
62,52,114
29,65,94
7,1,8
36,98,134
100,73,173
24,2,26
98,95,193
75,28,103
35,57,92
64,38,102
75,21,96
41,9,50
46,55,101
74,50,124
48,35,83
51,81,132
34,88,122
96,66,162
24,97,121
8,96,104
9,9,18
95,5,100
37,58,95
32,25,57
64,59,123
67,84,151
57,13,70
61,13,74
36,46,82
51,86,137
52,16,68
62,22,84
66,9,75
98,52,150
96,38,134
27,59,86
81,81,162
1,73,74
29,26,55
3,20,23
12,39,51
47,41,88
53,60,113
95,18,113
37,78,115
3,79,82
5,78,83
64,63,127
22,12,34
82,11,93
87,43,130
85,77,162
84,91,175
34,54,88
72,42,114
70,13,83
59,38,97
15,78,93
57,32,89
37,49,86
16,62,78
65,39,104
24,15,39
93,69,162
80,57,137
36,13,49
39,53,92
53,74,127
71,5,76
50,74,124
61,37,98
94,11,105
63,35,98
19,88,107
22,14,36
49,60,109
15,54,69
22,67,89
19,41,60
86,33,119
73,55,128
69,77,146
19,74,93
49,34,83
72,47,119
11,21,32
69,31,100
77,67,144
92,54,146
30,33,63
70,26,96
84,2,86
79,65,144
3,63,66
87,27,114
29,19,48
30,1,31
100,82,182
20,53,73
86,57,143
31,84,115
1,14,15
31,28,59
84,44,128
79,36,115
77,92,169
74,70,144
34,53,87
9,11,20
37,96,133
74,22,96
55,67,122
12,58,70
5,31,36
26,32,58
79,6,85
9,35,44
9,52,61
68,79,147
41,11,52
88,1,89
13,8,21
6,99,105
11,34,45
67,70,137
65,28,93
65,79,144
11,52,63
39,2,41
3,94,97
26,51,77
93,82,175
47,84,131
66,100,166
76,9,85
1,94,95
98,56,154
72,60,132
52,88,140
78,40,118
73,46,119
71,56,127
20,57,77
75,7,82
13,91,104
17,84,101
44,90,134
71,2,73
36,3,39
29,84,113
32,56,88
1,83,84
67,96,163
17,62,79
87,94,181
5,3,8
29,95,124
78,70,148
80,5,85
71,88,159
45,13,58
99,40,139
80,72,152
37,70,107
21,33,54
39,77,116
89,99,188
75,19,94
1,80,81
80,45,125
80,9,89
85,88,173
40,18,58
62,4,66
26,20,46
98,74,172
63,89,152
44,81,125
47,91,138
85,89,174
19,4,23
25,87,112
21,81,102
69,4,73
85,5,90
21,67,88
19,26,45
51,77,128
26,36,62
80,73,153
14,9,23
37,91,128
92,65,157
85,39,124
31,6,37
100,46,146
86,55,141
74,56,130
8,91,99
57,11,68
29,2,31
28,66,94
32,18,50
45,9,54
28,35,63
6,39,45
7,33,40
70,81,151
46,78,124
47,47,94
34,37,71
92,54,146
52,13,65
44,60,104
86,31,117
3,91,94
84,22,106
73,17,90
95,1,96
67,13,80
51,50,101
5,11,16
20,95,115
51,6,57
97,9,106
8,24,32
42,56,98
78,31,109
100,71,171
7,49,56
39,95,134
94,48,142
18,6,24
15,29,44
15,18,33
19,67,86
67,30,97
74,61,135
46,65,111
10,67,77
56,53,109
59,1,60
95,96,191
78,46,124
33,60,93
41,34,75
50,87,137
26,91,117
61,27,88
40,29,69
100,64,164
52,70,122
74,71,145
68,48,116
16,16,32
29,13,42
97,79,176
59,68,127
39,36,75
62,37,99
37,27,64
80,66,146
80,63,143
65,26,91
19,67,86
87,27,114
92,20,112
1,19,20
64,95,159
88,75,163
93,94,187
70,26,96
67,58,125
21,87,108
44,13,57
69,44,113
35,38,73
69,17,86
33,65,98
71,73,144
3,23,26
38,66,104
59,76,135
75,96,171
6,60,66
12,32,44
32,24,56
92,100,192
21,57,78
60,84,144
40,9,49
28,27,55
72,64,136
54,87,141
37,88,125
28,16,44
55,100,155
55,79,134
97,36,133
42,70,112
12,95,107
52,85,137
78,78,156
54,34,88
29,51,80
35,93,128
73,46,119
88,74,162
85,76,161
43,36,79
71,25,96
7,66,73
60,23,83
4,77,81
10,77,87
68,6,74
86,30,116
61,95,156
35,39,74
75,16,91
49,84,133
40,100,140
89,53,142
64,5,69
66,36,102
55,40,95
82,74,156
14,31,45
99,23,122
47,53,100
77,65,142
10,20,30
65,80,145
35,29,64
90,83,173
37,57,94
78,100,178
46,8,54
15,12,27
23,87,110
46,91,137
25,87,112
46,67,113
37,95,132
7,83,90
98,10,108
4,86,90
86,79,165
14,33,47
61,93,154
51,2,53
20,39,59
85,5,90
30,1,31
62,86,148
71,54,125
80,88,168
62,37,99
32,46,78
23,53,76
19,26,45
11,62,73
5,86,91
24,70,94
98,45,143
99,57,156
55,3,58
21,75,96
78,70,148
36,97,133
60,56,116
19,79,98
82,83,165
21,41,62
90,46,136
73,12,85
86,29,115
13,18,31
21,54,75
43,3,46
21,100,121
45,92,137
38,49,87
64,3,67
86,55,141
66,29,95
28,74,102
24,13,37
67,23,90
17,88,105
28,44,72
49,6,55
16,48,64
82,54,136
27,1,28
2,4,6
35,64,99
12,16,28
98,75,173
64,71,135
56,83,139
21,80,101
41,69,110
26,3,29
45,25,70
71,17,88
18,25,43
21,4,25
10,56,66
100,41,141
87,10,97
40,8,48
59,9,68
17,34,51
22,45,67
27,15,42
66,8,74
25,35,60
90,71,161
42,50,92
43,35,78
84,79,163
8,4,12
22,39,61
21,84,105
15,32,47
83,66,149
85,6,91
50,71,121
95,31,126
89,2,91
11,87,98
38,32,70
96,52,148
36,73,109
8,31,39
86,41,127
83,22,105
9,65,74
79,38,117
26,75,101
23,80,103
75,94,169
66,23,89
54,3,57
77,5,82
94,12,106
100,17,117
34,53,87
54,90,144
100,30,130
96,22,118
57,56,113
64,54,118
52,29,81
17,26,43
17,18,35
75,44,119
58,65,123
90,84,174
2,79,81
47,31,78
64,70,134
12,35,47
19,84,103
95,42,137
46,75,121
100,69,169
22,74,96
68,95,163
78,61,139
14,71,85
31,24,55
50,58,108
1,2,3
38,16,54
42,71,113
21,67,88
44,12,56
82,11,93
18,91,109
49,65,114
9,90,99
35,22,57
24,5,29
38,5,43
63,31,94
86,55,141
40,59,99
15,47,62
6,9,15
74,46,120
60,43,103
45,51,96
70,34,104
94,14,108
95,17,112
34,81,115
69,83,152
9,57,66
74,56,130
5,86,91
60,25,85
66,45,111
68,57,125
90,43,133
42,74,116
5,24,29
51,17,68
31,25,56
2,66,68
15,28,43
49,51,100
58,72,130
83,46,129
18,86,104
81,40,121
52,100,152
92,88,180
68,76,144
17,95,112
12,50,62
4,45,49
8,31,39
21,30,51
58,59,117
21,72,93
39,79,118
94,75,169
53,34,87
28,64,92
58,74,132
58,65,123
68,21,89
83,82,165
5,67,72
84,55,139
96,5,101
17,66,83
60,97,157
59,84,143
9,25,34
2,69,71
77,86,163
89,10,99
75,78,153
28,95,123
75,97,172
89,60,149
21,93,114
25,64,89
100,64,164
11,31,42
12,70,82
90,30,120
40,77,117
100,29,129
25,42,67
74,95,169
76,53,129
1,82,83
27,15,42
18,21,39
79,46,125
70,2,72
26,33,59
40,75,115
81,10,91
87,74,161
89,8,97
15,29,44
40,92,132
63,48,111
96,72,168
36,9,45
72,26,98
65,95,160
1,59,60
76,13,89
77,77,154
74,86,160
27,33,60
78,40,118
26,23,49
15,32,47
52,98,150
72,98,170
97,65,162
57,27,84
41,94,135
27,29,56
85,80,165
20,1,21
14,55,69
71,69,140
20,50,70
15,45,60
45,91,136
74,97,171
31,31,62
13,16,29
75,67,142
77,43,120
96,67,163
34,49,83
82,98,180
81,54,135
30,72,102
29,54,83
55,32,87
35,73,108
63,86,149
20,19,39
1,62,63
99,21,120
34,6,40
27,48,75
67,23,90
54,97,151
89,95,184
40,93,133
21,5,26
55,8,63
65,53,118
12,47,59
42,46,88
34,94,128
46,71,117
38,28,66
26,92,118
89,93,182
77,15,92
26,71,97
88,18,106
90,43,133
88,24,112
17,81,98
58,8,66
66,27,93
96,46,142
96,9,105
34,71,105
99,23,122
54,52,106
74,78,152
62,65,127
84,27,111
71,26,97
26,20,46
2,66,68
80,62,142
69,31,100
35,66,101
29,100,129
10,13,23
41,97,138
71,49,120
78,45,123
7,63,70
67,76,143
90,21,111
4,65,69
99,79,178
96,71,167
50,41,91
78,82,160
62,73,135
41,29,70
3,54,57
60,77,137
90,23,113
55,79,134
16,84,100
59,44,103
54,14,68
39,59,98
88,32,120
74,5,79
54,12,66
27,62,89
63,57,120
12,61,73
55,11,66
87,91,178
67,54,121
56,99,155
10,27,37
52,8,60
43,37,80
94,21,115
11,42,53
97,22,119
90,26,116
25,17,42
59,16,75
25,42,67
93,63,156
82,54,136
53,61,114
95,18,113
83,73,156
14,2,16
69,77,146
91,31,122
60,17,77
55,88,143
43,69,112
4,63,67
52,32,84
36,64,100
95,33,128
93,88,181
68,25,93
41,56,97
59,8,67
88,61,149
86,4,90
14,54,68
95,51,146
26,74,100
60,62,122
83,45,128
54,10,64
76,82,158
91,29,120
91,73,164
62,86,148
80,23,103
55,4,59
64,5,69
6,25,31
95,40,135
85,93,178
38,54,92
96,10,106
56,89,145
28,49,77
5,59,64
21,28,49
20,75,95
14,16,30
16,93,109
39,64,103
41,64,105
43,33,76
63,79,142
45,44,89
5,75,80
83,67,150
37,33,70
71,35,106
50,31,81
85,45,130
32,75,107
93,15,108
27,5,32
81,98,179
62,55,117
28,73,101
69,71,140
39,47,86
52,69,121
59,24,83
81,76,157
96,14,110
52,79,131
2,53,55
87,30,117
6,66,72
29,89,118
41,22,63
68,97,165
23,74,97
43,41,84
26,71,97
98,48,146
47,27,74
66,52,118
67,26,93
70,66,136
78,60,138
50,23,73
33,20,53
37,60,97
11,34,45
45,98,143
22,94,116
16,40,56
66,21,87
83,11,94
88,70,158
1,78,79
7,26,33
17,21,38
96,69,165
46,76,122
16,44,60
1,95,96
12,10,22
16,61,77
34,82,116
13,38,51
25,98,123
45,77,122
20,38,58
65,72,137
47,52,99
76,44,120
78,63,141
76,13,89
49,75,124
17,94,111
81,87,168
53,77,130
93,53,146
51,36,87
86,58,144
54,70,124
40,30,70
10,87,97
74,67,141
10,63,73
17,91,108
70,20,90
53,63,116
44,96,140
99,15,114
65,60,125
40,100,140
36,37,73
70,36,106
68,47,115
51,96,147
67,7,74
43,55,98
93,75,168
73,9,82
69,92,161
3,66,69
4,61,65
98,67,165
7,47,54
53,61,114
69,70,139
8,21,29
92,11,103
31,16,47
4,71,75
70,2,72
45,56,101
18,92,110
71,36,107
31,13,44
64,30,94
61,89,150
69,51,120
90,98,188
22,8,30
96,63,159
41,2,43
20,66,86
50,36,86
94,27,121
22,56,78
7,68,75
80,43,123
47,96,143
55,55,110
100,95,195
35,29,64
10,29,39
68,66,134
93,51,144
89,4,93
32,54,86
60,75,135
36,79,115
3,53,56
50,68,118
52,41,93
42,89,131
7,19,26
97,61,158
26,52,78
27,45,72
50,29,79
94,82,176
80,53,133
41,24,65
10,92,102
7,2,9
76,70,146
51,54,105
48,35,83
66,80,146
25,47,72
33,38,71
19,41,60
28,25,53
82,49,131
91,42,133
7,27,34
74,54,128
61,28,89
12,73,85
88,98,186
51,31,82
84,12,96
89,46,135
53,53,106
77,40,117
79,70,149
64,2,66
97,67,164
95,37,132
63,92,155
18,40,58
87,36,123
93,6,99
54,60,114
96,30,126
47,51,98
17,99,116
84,48,132
91,96,187
67,66,133
5,80,85
25,36,61
90,100,190
57,70,127
31,61,92
75,43,118
29,89,118
10,1,11
78,84,162
38,31,69
88,83,171
90,83,173
3,68,71
43,82,125
26,46,72
41,1,42
85,16,101
42,71,113
75,12,87
53,92,145
87,13,100
34,26,60
48,27,75
92,69,161
58,96,154
55,28,83
79,83,162
67,61,128
44,1,45
46,43,89
53,5,58
34,74,108
87,26,113
82,64,146
18,42,60
53,63,116
44,32,76
54,7,61
9,100,109
91,6,97
76,13,89
13,99,112
18,87,105
80,90,170
75,55,130
53,21,74
78,48,126
34,43,77
55,55,110
40,68,108
31,78,109
51,19,70
55,39,94
83,77,160
61,83,144
19,47,66
67,37,104
17,88,105
39,44,83
49,23,72
94,12,106
47,42,89
57,37,94
2,59,61
43,57,100
72,27,99
30,82,112
66,42,108
15,24,39
28,42,70
50,48,98
13,80,93
16,54,70
72,75,147
51,68,119
96,65,161
6,70,76
66,5,71
94,21,115
17,44,61
35,39,74
2,15,17
72,66,138
67,21,88
9,8,17
85,54,139
39,60,99
78,88,166
80,93,173
28,93,121
50,100,150
2,78,80
84,95,179
83,75,158
71,77,148
60,96,156
10,55,65
14,84,98
29,62,91
58,42,100
62,28,90
5,58,63
71,30,101
92,87,179
87,30,117
24,47,71
73,30,103
26,85,111
75,45,120
12,6,18
40,78,118
89,53,142
35,48,83
78,83,161
9,85,94
49,51,100
51,39,90
49,56,105
43,34,77
23,69,92
92,64,156
26,55,81
98,54,152
82,47,129
18,66,84
3,77,80
75,86,161
77,1,78
69,75,144
38,53,91
46,10,56
76,5,81
8,24,32
60,32,92
66,73,139
95,99,194
3,97,100
32,94,126
68,54,122
51,86,137
62,100,162
46,90,136
65,77,142
96,61,157
77,79,156
51,18,69
94,64,158
89,14,103
63,45,108
19,50,69
78,93,171
67,99,166
27,64,91
69,98,167
66,24,90
63,6,69
19,24,43
81,82,163
74,85,159
62,79,141
1,18,19
8,63,71
27,30,57
50,3,53
56,81,137
54,52,106
52,33,85
99,29,128
74,13,87
54,92,146
25,7,32
80,85,165
98,7,105
56,48,104
91,47,138
19,100,119
33,97,130
53,31,84
70,45,115
26,87,113
27,82,109
99,34,133
29,64,93
23,5,28
72,31,103
86,83,169
81,39,120
88,23,111
100,19,119
32,100,132
29,38,67
74,36,110
74,35,109
19,28,47
98,12,110
52,16,68
80,27,107
2,90,92
30,70,100
46,33,79
18,94,112
37,83,120
3,1,4
61,51,112
63,43,106
64,23,87
98,67,165
68,42,110
10,49,59
75,97,172
15,36,51
90,24,114
8,59,67
21,32,53
68,53,121
59,54,113
35,15,50
70,53,123
9,84,93
41,55,96
32,19,51
4,6,10
81,72,153
63,31,94
46,97,143
80,63,143
16,86,102
22,64,86
74,9,83
56,26,82
75,51,126
72,90,162
26,21,47
73,42,115
89,34,123
24,70,94
60,13,73
43,9,52
84,96,180
9,24,33
54,57,111
16,19,35
11,22,33
76,97,173
16,29,45
66,17,83
68,88,156
22,19,41
94,16,110
68,11,79
71,62,133
69,59,128
24,10,34
74,57,131
30,50,80
3,30,33
52,54,106
11,21,32
46,23,69
35,79,114
50,49,99
60,51,111
62,62,124
56,100,156
11,87,98
75,43,118
92,80,172
93,46,139
87,50,137
67,86,153
2,62,64
70,15,85
81,5,86
59,86,145
98,10,108
31,11,42
26,9,35
91,3,94
19,39,58
32,22,54
15,13,28
51,4,55
37,84,121
27,66,93
65,49,114
48,3,51
89,73,162
1,31,32
74,100,174
77,25,102
30,28,58
65,66,131
12,88,100
62,65,127
45,2,47
40,11,51
84,5,89
49,37,86
26,99,125
95,63,158
53,79,132
72,37,109
34,79,113
75,1,76
65,67,132
54,47,101
86,70,156
32,44,76
24,99,123
74,3,77
72,82,154
14,96,110
19,79,98
13,66,79
23,76,99
36,91,127
69,100,169
66,38,104
42,9,51
37,98,135
18,98,116
24,95,119
32,83,115
3,85,88
40,31,71
28,42,70
63,5,68
44,68,112
21,51,72
79,76,155
10,62,72
76,79,155
93,12,105
33,41,74
54,55,109
63,18,81
58,87,145
14,80,94
59,56,115
34,8,42
67,3,70
65,62,127
44,9,53
20,72,92
47,46,93
74,53,127
98,68,166
37,81,118
15,19,34
40,100,140
49,43,92
2,58,60
74,84,158
53,29,82
7,40,47
69,31,100
10,21,31
82,85,167
100,43,143
1,3,4
1,16,17
58,88,146
58,89,147
91,84,175
68,91,159
84,61,145
96,45,141
42,9,51
50,24,74
81,95,176
50,8,58
9,70,79
83,83,166
42,87,129
3,14,17
31,63,94
64,97,161
2,54,56
53,21,74
75,45,120
71,72,143
23,54,77
97,69,166
79,98,177
96,60,156
61,74,135
13,4,17
11,89,100
88,36,124
63,13,76
65,12,77
80,24,104
61,96,157
13,71,84
42,68,110
8,100,108
70,43,113
52,94,146
56,48,104
61,90,151
15,3,18
41,10,51
8,22,30
7,7,14
73,17,90
78,32,110
28,52,80
53,31,84
2,38,40
62,54,116
83,66,149
11,78,89
42,24,66
39,48,87
54,25,79
51,78,129
74,66,140
21,23,44
40,24,64
34,37,71
33,29,62
71,18,89
23,68,91
38,21,59
13,80,93
95,52,147
100,73,173
72,60,132
4,66,70
40,67,107
58,80,138
39,21,60
35,81,116
86,68,154
65,84,149
72,54,126
37,35,72
7,79,86
75,3,78
80,32,112
58,12,70
45,58,103
30,4,34
87,88,175
25,11,36
40,69,109
20,68,88
94,69,163
75,43,118
68,40,108
63,92,155
84,32,116
61,61,122
51,26,77
49,77,126
94,54,148
82,91,173
30,37,67
59,38,97
33,3,36
68,43,111
44,21,65
65,39,104
68,70,138
72,73,145
5,29,34
14,67,81
16,90,106
2,97,99
82,45,127
94,50,144
92,32,124
76,72,148
29,82,111
15,7,22
62,4,66
70,90,160
10,77,87
27,28,55
87,55,142
81,55,136
79,71,150
37,11,48
24,54,78
78,3,81
50,1,51
66,83,149
56,88,144
33,48,81
57,75,132
21,85,106
57,92,149
39,59,98
16,58,74
44,59,103
15,61,76
71,85,156
42,91,133
1,77,78
42,81,123
83,40,123
16,85,101
62,2,64
30,32,62
50,15,65
13,96,109
79,87,166
79,67,146
49,86,135
85,59,144
13,42,55
21,31,52
59,62,121
56,82,138
25,15,40
2,9,11
95,23,118
95,77,172
35,80,115
11,38,49
40,5,45
40,81,121
41,35,76
60,84,144
96,40,136
23,2,25
7,71,78
93,65,158
84,99,183
18,34,52
50,70,120
34,86,120
3,27,30
60,22,82
37,25,62
95,52,147
87,28,115
14,28,42
60,36,96
13,6,19
27,55,82
98,55,153
72,66,138
39,14,53
53,3,56
50,34,84
66,95,161
59,10,69
35,37,72
40,18,58
59,21,80
37,69,106
25,69,94
78,49,127
52,35,87
55,58,113
27,84,111
77,3,80
47,11,58
82,19,101
89,80,169
69,100,169
56,26,82
33,49,82
50,67,117
2,94,96
11,25,36
65,34,99
22,99,121
67,43,110
71,1,72
33,6,39
39,9,48
17,93,110
69,39,108
80,9,89
56,40,96
40,32,72
19,52,71
91,5,96
33,52,85
56,77,133
45,32,77
90,53,143
89,91,180
40,19,59
48,67,115
11,92,103
39,67,106
65,86,151
52,93,145
92,26,118
86,66,152
56,22,78
75,94,169
87,87,174
24,51,75
27,97,124
27,76,103
68,46,114
1,6,7
21,16,37
55,58,113
19,25,44
24,35,59
97,16,113
46,3,49
63,94,157
85,88,173
33,100,133
97,25,122
57,79,136
83,23,106
6,58,64
16,97,113
94,21,115
81,63,144
28,75,103
46,61,107
32,91,123
83,78,161
22,45,67
80,29,109
99,2,101
63,37,100
90,5,95
91,31,122
65,21,86
99,1,100
37,89,126
62,89,151
69,78,147
29,82,111
44,36,80
22,33,55
64,8,72
96,1,97
20,43,63
52,75,127
68,2,70
94,86,180
65,46,111
55,3,58
60,9,69
76,40,116
81,82,163
100,72,172
37,98,135
41,73,114
84,67,151
16,47,63
61,5,66
10,50,60
13,17,30
80,79,159
62,83,145
38,60,98
45,20,65
49,86,135
100,6,106
53,64,117
43,91,134
51,36,87
45,86,131
27,83,110
65,6,71
95,93,188
60,90,150
91,48,139
28,46,74
33,8,41
10,28,38
41,43,84
99,75,174
64,6,70
99,52,151
92,37,129
80,79,159
79,11,90
62,73,135
33,20,53
60,51,111
63,96,159
60,11,71
3,67,70
96,46,142
21,42,63
95,28,123
45,34,79
71,6,77
14,93,107
13,7,20
67,76,143
85,10,95
10,20,30
100,57,157
76,75,151
82,4,86
33,96,129
25,69,94
87,92,179
8,1,9
75,25,100
79,74,153
91,10,101
83,57,140
45,34,79
17,99,116
36,15,51
6,1,7
36,99,135
97,29,126
36,17,53
79,37,116
65,12,77
63,21,84
52,68,120
51,61,112
80,31,111
3,89,92
37,23,60
65,88,153
89,26,115
94,56,150
97,90,187
60,42,102
7,64,71
63,86,149
58,60,118
85,53,138
34,88,122
46,75,121
54,91,145
58,36,94
65,70,135
56,89,145
37,35,72
64,96,160
47,92,139
50,26,76
42,87,129
44,30,74
66,93,159
48,79,127
60,51,111
42,56,98
65,90,155
25,35,60
6,83,89
26,40,66
43,45,88
23,86,109
58,37,95
17,1,18
97,85,182
37,96,133
66,41,107
5,39,44
80,13,93
69,31,100
62,70,132
73,71,144
12,97,109
3,57,60
18,63,81
27,3,30
5,92,97
53,9,62
96,77,173
57,96,153
40,95,135
91,30,121
13,61,74
7,54,61
42,23,65
58,75,133
65,47,112
64,70,134
4,63,67
8,80,88
89,66,155
62,86,148
68,17,85
94,21,115
18,20,38
96,36,132
47,95,142
44,82,126
91,66,157
85,97,182
26,54,80
12,24,36
30,90,120
96,24,120
41,82,123
64,64,128
66,87,153
83,60,143
29,48,77
25,87,112
44,32,76
92,53,145
91,69,160
87,5,92
86,22,108
19,49,68
12,100,112
78,2,80
12,80,92
13,10,23
16,17,33
99,34,133
73,68,141
96,76,172
53,28,81
49,97,146
28,68,96
53,64,117
60,57,117
68,50,118
74,93,167
4,84,88
90,67,157
89,5,94
47,60,107
10,21,31
97,94,191
93,44,137
32,5,37
5,57,62
37,69,106
100,6,106
60,42,102
100,16,116
79,65,144
96,25,121
92,61,153
33,9,42
45,54,99
48,62,110
99,24,123
14,59,73
5,9,14
29,94,123
88,92,180
5,72,77
72,84,156
48,82,130
2,76,78
100,5,105
77,85,162
82,41,123
12,18,30
1,34,35
95,8,103
29,27,56
7,32,39
17,81,98
25,57,82
81,54,135
61,42,103
83,14,97
24,83,107
98,38,136
20,3,23
35,61,96
12,81,93
7,59,66
4,23,27
14,62,76
50,52,102
83,71,154
11,31,42
12,64,76
48,94,142
12,26,38
23,38,61
54,80,134
45,63,108
25,71,96
83,90,173
94,40,134
89,66,155
38,85,123
42,98,140
17,96,113
75,48,123
17,59,76
72,39,111
80,42,122
59,70,129
19,50,69
30,14,44
13,32,45
41,19,60
59,77,136
26,59,85
45,75,120
14,48,62
28,55,83
90,99,189
84,57,141
37,71,108
90,43,133
99,8,107
72,34,106
89,34,123
17,94,111
9,72,81
51,19,70
93,99,192
95,9,104
98,95,193
40,69,109
70,3,73
9,46,55
40,21,61
82,3,85
6,90,96
2,84,86
73,45,118
39,77,116
3,57,60
53,83,136
31,40,71
34,24,58
18,28,46
32,99,131
52,38,90
93,3,96
93,39,132
8,25,33
1,84,85
36,47,83
89,86,175
75,5,80
56,56,112
48,77,125
45,19,64
8,6,14
92,30,122
44,14,58
6,75,81
28,97,125
88,5,93
75,74,149
4,56,60
64,25,89
21,37,58
99,11,110
15,29,44
62,82,144
30,21,51
79,87,166
1,49,50
40,37,77
42,33,75
85,40,125
69,12,81
77,70,147
97,64,161
5,9,14
47,69,116
32,53,85
80,37,117
81,87,168
89,16,105
49,95,144
71,43,114
50,17,67
78,100,178
97,9,106
42,10,52
85,37,122
60,83,143
92,79,171
76,12,88
62,93,155
56,96,152
88,52,140
100,63,163
73,94,167
91,92,183
42,23,65
93,20,113
61,8,69
43,95,138
77,58,135
80,36,116
24,39,63
22,59,81
97,73,170
57,63,120
73,61,134
65,76,141
11,87,98
67,18,85
85,16,101
94,51,145
86,69,155
94,75,169
55,64,119
15,3,18
81,88,169
63,7,70
85,86,171
21,81,102
62,63,125
19,26,45
14,64,78
41,84,125
72,14,86
34,73,107
82,85,167
3,11,14
90,57,147
56,16,72
68,9,77
23,34,57
81,20,101
68,30,98
32,18,50
43,20,63
36,47,83
20,57,77
58,88,146
21,39,60
25,19,44
37,96,133
30,21,51
53,82,135
49,66,115
17,88,105
5,96,101
12,60,72
72,65,137
10,46,56
43,21,64
56,64,120
63,33,96
69,4,73
5,100,105
33,78,111
91,100,191
31,94,125
70,81,151
44,97,141
59,58,117
17,24,41
43,91,134
92,81,173
26,12,38
4,70,74
65,70,135
78,64,142
39,98,137
8,72,80
53,26,79
8,13,21
100,6,106
27,50,77
66,4,70
71,31,102
69,68,137
74,42,116
69,32,101
67,59,126
77,39,116
18,83,101
56,80,136
9,21,30
8,17,25
95,49,144
41,92,133
19,56,75
82,29,111
66,90,156
30,78,108
73,89,162
72,3,75
65,7,72
24,26,50
67,10,77
90,28,118
97,20,117
85,25,110
65,19,84
59,23,82
36,62,98
61,30,91
79,39,118
16,35,51
51,39,90
12,100,112
2,74,76
85,74,159
83,97,180
47,70,117
63,20,83
76,97,173
87,62,149
39,88,127
3,69,72
88,44,132
42,70,112
82,16,98
85,70,155
11,97,108
28,64,92
42,69,111
49,16,65
25,98,123
7,18,25
57,58,115
41,70,111
90,97,187
69,71,140
69,100,169
57,15,72
19,84,103
82,72,154
6,51,57
79,69,148
98,96,194
30,7,37
54,98,152
64,34,98
73,32,105
12,23,35
16,23,39
10,29,39
5,19,24
91,2,93
8,21,29
36,26,62
15,78,93
41,72,113
94,49,143
90,38,128
66,25,91
96,21,117
22,8,30
74,20,94
78,64,142
89,71,160
5,81,86
19,74,93
51,63,114
9,85,94
55,79,134
86,90,176
67,98,165
51,36,87
17,34,51
78,69,147
30,65,95
67,59,126
56,13,69
18,62,80
59,93,152
10,97,107
31,8,39
41,90,131
3,40,43
91,27,118
2,78,80
47,26,73
93,62,155
41,22,63
90,94,184
86,76,162
72,85,157
63,31,94
20,73,93
78,3,81
91,80,171
59,53,112
98,9,107
59,37,96
62,61,123
30,77,107
71,4,75
35,31,66
75,26,101
53,91,144
71,64,135
52,25,77
75,98,173
84,49,133
14,82,96
24,26,50
17,53,70
73,62,135
72,39,111
85,77,162
37,84,121
2,99,101
81,37,118
40,96,136
10,9,19
67,94,161
61,98,159
43,98,141
44,65,109
82,26,108
54,29,83
61,85,146
89,67,156
27,4,31
90,12,102
2,17,19
47,7,54
81,36,117
27,27,54
36,77,113
28,58,86
62,92,154
50,45,95
82,31,113
99,39,138
23,20,43
60,49,109
71,11,82
79,3,82
58,86,144
2,6,8
31,5,36
35,14,49
59,82,141
73,19,92
18,82,100
62,63,125
80,78,158
98,45,143
82,51,133
24,89,113
12,35,47
3,64,67
92,8,100
56,86,142
24,57,81
48,94,142
25,31,56
39,71,110
86,81,167
91,32,123
100,54,154
99,26,125
94,86,180
98,72,170
17,91,108
97,97,194
32,41,73
82,14,96
24,34,58
30,66,96
3,99,102
50,13,63
14,77,91
44,19,63
91,97,188
91,40,131
33,70,103
26,68,94
61,23,84
78,50,128
89,24,113
22,40,62
12,50,62
63,49,112
7,58,65
43,9,52
48,57,105
51,51,102
71,31,102
80,67,147
64,74,138
70,89,159
64,98,162
96,38,134
50,84,134
81,71,152
61,22,83
57,12,69
74,69,143
40,28,68
95,100,195
15,21,36
21,63,84
53,70,123
40,22,62
38,85,123
45,26,71
93,46,139
59,24,83
41,45,86
81,40,121
16,9,25
76,100,176
28,23,51
83,63,146
26,71,97
46,78,124
5,75,80
47,74,121
60,74,134
33,76,109
13,41,54
8,97,105
90,83,173
12,83,95
59,8,67
38,100,138
56,75,131
16,62,78
5,35,40
71,9,80
35,37,72
55,21,76
4,58,62
5,86,91
48,52,100
63,10,73
54,100,154
62,43,105
73,35,108
74,9,83
20,81,101
65,70,135
97,19,116
25,43,68
34,32,66
46,86,132
67,74,141
12,98,110
46,39,85
81,52,133
28,91,119
95,29,124
37,66,103
31,16,47
40,65,105
83,39,122
22,10,32
70,26,96
1,72,73
7,5,12
88,37,125
58,75,133
82,84,166
95,83,178
6,30,36
52,69,121
32,75,107
91,36,127
68,38,106
24,86,110
2,61,63
53,68,121
67,65,132
80,29,109
71,39,110
72,16,88
86,27,113
92,26,118
56,33,89
45,92,137
70,52,122
71,51,122
18,35,53
40,71,111
36,79,115
68,92,160
1,80,81
72,28,100
80,5,85
78,87,165
47,69,116
99,77,176
11,1,12
98,48,146
83,18,101
53,76,129
66,2,68
77,47,124
70,90,160
17,55,72
91,73,164
100,16,116
43,67,110
58,32,90
86,59,145
70,68,138
75,54,129
66,62,128
68,24,92
93,37,130
69,79,148
11,10,21
46,77,123
26,68,94
25,73,98
63,24,87
26,98,124
30,26,56
77,36,113
23,79,102
58,85,143
6,77,83
14,79,93
25,68,93
10,28,38
72,83,155
43,51,94
79,21,100
39,83,122
83,69,152
62,64,126
35,69,104
28,78,106
12,33,45
73,3,76
25,23,48
79,68,147
86,41,127
76,9,85
48,93,141
62,84,146
69,67,136
25,99,124
70,84,154
94,98,192
61,58,119
74,78,152
23,69,92
20,17,37
22,62,84
89,13,102
4,91,95
99,65,164
26,60,86
97,28,125
32,87,119
49,27,76
23,89,112
52,61,113
33,47,80
86,65,151
62,2,64
94,41,135
66,66,132
93,98,191
55,93,148
80,75,155
85,60,145
76,74,150
60,71,131
66,25,91
98,75,173
36,99,135
25,18,43
61,45,106
47,2,49
49,12,61
81,35,116
24,21,45
20,17,37
58,38,96
27,59,86
48,53,101
78,43,121
75,51,126
89,92,181
62,81,143
96,79,175
8,77,85
19,85,104
77,26,103
25,23,48
97,78,175
69,83,152
3,40,43
18,69,87
27,42,69
39,91,130
29,37,66
85,43,128
77,19,96
58,9,67
95,79,174
33,50,83
35,25,60
88,46,134
6,73,79
80,87,167
55,25,80
57,32,89
30,76,106
53,54,107
12,20,32
28,49,77
96,16,112
94,66,160
15,51,66
70,19,89
21,18,39
79,28,107
54,30,84
73,95,168
61,27,88
5,99,104
52,85,137
44,9,53
92,66,158
79,93,172
9,96,105
65,61,126
85,74,159
92,77,169
95,5,100
89,18,107
84,78,162
57,11,68
28,50,78
48,74,122
24,4,28
12,82,94
70,32,102
34,90,124
94,38,132
31,92,123
12,75,87
83,55,138
96,88,184
84,15,99
57,44,101
87,63,150
51,12,63
33,12,45
32,100,132
98,51,149
62,13,75
51,37,88
73,87,160
78,72,150
88,26,114
20,40,60
49,69,118
25,74,99
86,67,153
84,16,100
61,100,161
15,53,68
41,38,79
90,76,166
31,6,37
18,24,42
14,8,22
84,97,181
54,100,154
47,94,141
82,39,121
75,21,96
35,39,74
16,40,56
13,52,65
12,39,51
3,82,85
91,54,145
85,88,173
32,16,48
50,8,58
19,18,37
57,44,101
80,21,101
79,58,137
32,65,97
34,88,122
10,81,91
76,53,129
85,52,137
48,12,60
81,7,88
80,63,143
40,7,47
48,60,108
11,76,87
75,90,165
58,36,94
83,66,149
80,59,139
79,75,154
100,84,184
98,47,145
52,40,92
73,28,101
46,10,56
64,99,163
1,1,2
58,96,154
86,91,177
57,54,111
89,75,164
52,85,137
80,62,142
14,40,54
82,53,135
26,51,77
70,94,164
41,6,47
9,63,72
64,69,133
99,19,118
19,37,56
89,41,130
77,10,87
45,19,64
19,47,66
97,53,150
72,20,92
88,52,140
76,45,121
7,38,45
21,65,86
65,65,130
49,50,99
55,36,91
48,29,77
56,31,87
68,98,166
48,70,118
79,2,81
51,10,61
65,38,103
97,6,103
67,40,107
45,9,54
39,98,137
20,41,61
1,75,76
4,48,52
34,72,106
43,31,74
97,49,146
80,51,131
78,66,144
65,40,105
29,74,103
73,54,127
9,53,62
97,19,116
26,12,38
15,36,51
82,67,149
82,55,137
16,45,61
62,38,100
79,43,122
33,7,40
89,60,149
90,44,134
6,65,71
83,58,141
56,81,137
100,35,135
32,37,69
38,34,72
19,12,31
59,51,110
44,50,94
64,66,130
79,48,127
74,54,128
32,5,37
80,47,127
42,77,119
82,33,115
26,65,91
74,3,77
97,26,123
79,34,113
60,50,110
39,56,95
43,59,102
86,57,143
39,7,46
79,73,152
91,58,149
88,24,112
37,74,111
90,35,125
34,98,132
82,38,120
84,73,157
37,24,61
99,35,134
49,79,128
28,67,95
8,3,11
86,72,158
22,20,42
52,23,75
5,48,53
42,82,124
10,45,55
74,6,80
78,32,110
30,99,129
21,96,117
59,63,122
13,79,92
37,33,70
58,72,130
31,64,95
40,56,96
18,100,118
85,16,101
75,82,157
67,74,141
38,33,71
91,73,164
72,92,164
42,30,72
57,82,139
81,40,121
92,33,125
2,56,58
2,57,59
57,78,135
49,33,82
71,55,126
3,11,14
63,46,109
31,30,61
65,20,85
69,66,135
3,97,100
89,75,164
22,4,26
74,21,95
77,100,177
24,60,84
92,29,121
35,51,86
24,95,119
12,82,94
82,56,138
79,45,124
17,9,26
74,29,103
20,21,41
19,89,108
66,21,87
71,55,126
6,16,22
57,9,66
96,97,193
37,98,135
76,55,131
65,96,161
55,77,132
5,77,82
14,7,21
45,32,77
67,40,107
80,85,165
39,7,46
51,8,59
5,52,57
12,26,38
21,99,120
18,62,80
19,33,52
46,96,142
77,46,123
92,70,162
56,74,130
7,57,64
14,86,100
84,22,106
35,12,47
92,98,190
92,43,135
80,43,123
91,98,189
63,59,122
22,63,85
55,4,59
88,92,180
72,4,76
7,63,70
19,3,22
100,100,200
64,74,138
60,27,87
49,49,98
13,26,39
33,41,74
77,58,135
15,70,85
59,2,61
32,3,35
29,69,98
53,36,89
95,7,102
66,90,156
45,29,74
25,12,37
75,39,114
69,49,118
82,18,100
94,32,126
69,51,120
2,34,36
13,70,83
82,82,164
74,82,156
65,83,148
84,34,118
54,86,140
86,7,93
39,33,72
92,16,108
88,80,168
71,19,90
40,92,132
51,51,102
87,74,161
60,11,71
34,41,75
63,25,88
28,28,56
5,42,47
97,18,115
47,32,79
6,40,46
6,92,98
84,2,86
17,63,80
10,86,96
78,64,142
1,63,64
10,96,106
56,40,96
64,46,110
10,22,32
42,45,87
79,78,157
61,50,111
41,63,104
90,56,146
14,99,113
83,44,127
92,39,131
31,22,53
35,68,103
87,47,134
63,57,120
60,16,76
92,35,127
21,24,45
48,29,77
43,34,77
18,13,31
39,34,73
41,77,118
93,76,169
54,41,95
82,90,172
64,73,137
81,62,143
32,94,126
98,64,162
64,83,147
83,96,179
82,35,117
68,52,120
48,62,110
51,58,109
44,86,130
17,22,39
38,25,63
99,93,192
90,36,126
2,6,8
50,2,52
49,59,108
46,86,132
88,31,119
4,79,83
51,24,75
98,45,143
58,13,71
32,79,111
91,87,178
67,95,162
16,63,79
84,70,154
27,25,52
72,27,99
19,15,34
52,9,61
59,86,145
4,31,35
36,86,122
26,83,109
46,27,73
40,69,109
8,81,89
80,50,130
17,16,33
30,99,129
11,71,82
66,94,160
71,39,110
5,35,40
32,15,47
79,60,139
9,29,38
67,84,151
83,87,170
67,21,88
54,40,94
26,57,83
95,19,114
64,11,75
91,96,187
81,27,108
50,80,130
11,34,45
57,82,139
8,69,77
43,89,132
46,77,123
25,100,125
94,33,127
47,8,55
9,23,32
30,49,79
9,33,42
30,27,57
96,29,125
99,86,185
10,23,33
6,45,51
28,48,76
83,94,177
38,9,47
52,62,114
49,47,96
63,87,150
47,56,103
77,44,121
86,92,178
64,73,137
95,27,122
25,53,78
72,98,170
10,77,87
56,80,136
46,6,52
49,72,121
43,40,83
81,89,170
3,40,43
49,25,74
23,69,92
31,7,38
68,99,167
72,67,139
65,69,134
96,88,184
51,46,97
29,89,118
43,72,115
47,11,58
35,93,128
36,72,108
44,44,88
64,64,128
99,66,165
8,8,16
92,12,104
95,30,125
82,77,159
5,56,61
34,87,121
91,15,106
46,13,59
62,43,105
19,17,36
88,40,128
33,34,67
85,29,114
38,66,104
32,36,68
8,17,25
12,58,70
59,93,152
73,16,89
66,69,135
58,47,105
20,44,64
48,80,128
48,51,99
2,4,6
36,68,104
45,46,91
100,94,194
28,96,124
21,53,74
40,60,100
63,73,136
52,98,150
7,19,26
57,46,103
8,90,98
85,56,141
64,60,124
35,87,122
22,52,74
54,45,99
11,75,86
56,14,70
95,90,185
45,48,93
81,4,85
77,98,175
56,28,84
74,80,154
93,92,185
74,54,128
31,86,117
77,30,107
10,15,25
40,42,82
29,60,89
60,63,123
9,100,109
91,22,113
85,96,181
88,9,97
7,59,66
47,62,109
64,6,70
66,60,126
39,38,77
18,37,55
48,2,50
31,79,110
78,15,93
58,33,91
92,80,172
56,33,89
81,79,160
51,76,127
1,47,48
95,25,120
18,57,75
75,59,134
84,39,123
86,55,141
72,43,115
38,22,60
21,91,112
97,53,150
93,48,141
77,7,84
85,20,105
78,60,138
20,64,84
96,86,182
92,42,134
34,46,80
37,13,50
84,21,105
40,82,122
80,90,170
67,74,141
79,10,89
23,91,114
77,34,111
21,45,66
92,31,123
18,73,91
50,85,135
72,35,107
88,61,149
47,77,124
53,90,143
49,34,83
81,62,143
90,13,103
99,65,164
13,86,99
9,8,17
21,45,66
49,22,71
61,71,132
55,37,92
22,53,75
92,35,127
47,28,75
44,42,86
15,6,21
20,8,28
33,33,66
6,4,10
40,82,122
1,98,99
43,9,52
38,18,56
63,86,149
66,41,107
30,8,38
79,54,133
58,65,123
24,82,106
78,41,119
42,81,123
89,94,183
74,69,143
61,76,137
65,45,110
89,42,131
5,30,35
8,96,104
2,71,73
18,71,89
6,42,48
62,27,89
11,17,28
23,36,59
24,42,66
1,46,47
42,32,74
81,23,104
22,72,94
82,13,95
91,15,106
88,11,99
68,88,156
43,52,95
38,84,122
84,22,106
90,84,174
92,89,181
71,35,106
75,4,79
9,100,109
98,43,141
10,77,87
69,2,71
54,20,74
25,19,44
29,56,85
70,67,137
29,79,108
63,27,90
73,37,110
66,8,74
74,11,85
3,11,14
92,52,144
24,39,63
84,29,113
42,89,131
71,96,167
39,54,93
21,21,42
78,60,138
18,76,94
6,52,58
76,86,162
86,46,132
30,93,123
76,67,143
85,67,152
84,99,183
48,28,76
75,30,105
95,34,129
86,58,144
61,81,142
46,19,65
41,59,100
70,41,111
52,33,85
44,47,91
76,86,162
32,92,124
85,15,100
45,57,102
87,13,100
29,63,92
8,85,93
39,87,126
72,88,160
90,85,175
27,92,119
16,18,34
62,28,90
70,31,101
51,1,52
33,96,129
74,77,151
45,40,85
46,71,117
99,47,146
11,54,65
96,31,127
34,46,80
22,92,114
35,96,131
54,24,78
16,12,28
20,65,85
37,66,103
90,97,187
5,9,14
30,62,92
89,38,127
75,19,94
7,63,70
6,16,22
89,31,120
50,70,120
75,70,145
14,29,43
99,61,160
70,44,114
10,29,39
94,82,176
30,76,106
5,7,12
98,73,171
42,68,110
12,10,22
72,50,122
66,90,156
94,58,152
21,27,48
65,80,145
89,41,130
93,40,133
63,43,106
52,17,69
30,28,58
19,2,21
23,62,85
68,32,100
85,32,117
6,42,48
32,97,129
62,90,152
13,42,55
84,15,99
75,31,106
37,11,48
88,49,137
69,57,126
81,40,121
10,67,77
93,65,158
33,72,105
92,100,192
65,83,148
98,97,195
62,96,158
80,68,148
19,15,34
80,40,120
22,5,27
69,56,125
84,18,102
73,34,107
44,79,123
4,69,73
73,97,170
98,8,106
23,40,63
8,79,87
61,78,139
7,72,79
31,24,55
19,69,88
81,43,124
81,65,146
23,46,69
54,67,121
82,1,83
5,58,63
12,46,58
96,97,193
82,47,129
5,17,22
85,23,108
61,35,96
82,62,144
28,20,48
41,85,126
43,24,67
6,96,102
37,9,46
96,21,117
77,53,130
57,69,126
78,57,135
82,43,125
31,70,101
29,7,36
16,54,70
70,15,85
21,83,104
28,86,114
69,88,157
40,74,114
1,42,43
30,92,122
3,94,97
73,25,98
56,2,58
68,96,164
9,40,49
97,90,187
51,80,131
33,62,95
16,74,90
23,96,119
33,38,71
29,81,110
26,33,59
51,80,131
20,79,99
44,50,94
83,22,105
65,92,157
67,47,114
78,34,112
36,85,121
72,82,154
72,64,136
99,6,105
94,3,97
30,5,35
68,12,80
63,89,152
10,70,80
63,30,93
70,73,143
87,76,163
64,15,79
84,52,136
42,58,100
39,89,128
54,89,143
35,15,50
61,35,96
42,88,130
27,44,71
1,85,86
92,32,124
26,91,117
27,63,90
23,81,104
98,30,128
99,50,149
99,15,114
27,47,74
100,33,133
6,79,85
100,49,149
83,31,114
70,20,90
61,53,114
51,80,131
2,41,43
35,66,101
63,20,83
82,96,178
12,52,64
68,62,130
74,32,106
1,65,66
100,99,199
40,39,79
78,97,175
27,33,60
28,60,88
48,35,83
79,85,164
7,22,29
6,76,82
8,31,39
41,89,130
20,85,105
65,53,118
40,90,130
50,52,102
49,49,98
45,53,98
93,24,117
59,23,82
15,84,99
31,32,63
3,70,73
34,27,61
62,76,138
67,66,133
11,3,14
72,57,129
60,97,157
44,38,82
84,57,141
42,63,105
56,7,63
26,18,44
19,53,72
100,78,178
88,81,169
60,8,68
75,15,90
79,98,177
76,53,129
20,54,74
98,58,156
1,42,43
53,48,101
23,78,101
37,51,88
41,61,102
3,56,59
67,41,108
62,47,109
66,74,140
21,22,43
36,61,97
64,29,93
17,73,90
48,40,88
43,37,80
71,31,102
82,82,164
88,5,93
45,89,134
80,21,101
18,5,23
35,85,120
93,53,146
50,16,66
59,22,81
97,28,125
50,54,104
24,86,110
29,97,126
91,82,173
52,42,94
59,52,111
96,22,118
13,59,72
6,40,46
72,16,88
9,86,95
95,83,178
6,87,93
25,51,76
61,28,89
37,31,68
7,13,20
84,28,112
96,73,169
32,43,75
39,88,127
73,24,97
98,79,177
55,40,95
67,61,128
96,13,109
80,75,155
66,97,163
81,23,104
84,20,104
66,85,151
98,4,102
84,93,177
37,20,57
52,89,141
92,45,137
81,12,93
97,19,116
34,33,67
94,23,117
61,24,85
71,53,124
36,94,130
29,21,50
44,74,118
22,42,64
68,20,88
38,84,122
79,25,104
77,74,151
31,61,92
29,3,32
88,56,144
22,80,102
75,45,120
47,43,90
95,36,131
21,42,63
76,16,92
9,10,19
35,55,90
71,87,158
12,48,60
43,98,141
17,18,35
43,2,45
65,10,75
88,31,119
72,70,142
16,60,76
36,25,61
37,47,84
30,72,102
43,1,44
2,41,43
17,23,40
39,46,85
15,68,83
64,5,69
76,20,96
36,68,104
82,61,143
25,94,119
11,98,109
82,7,89
69,88,157
7,5,12
92,89,181
31,95,126
69,66,135
64,47,111
80,36,116
62,75,137
39,49,88
83,93,176
84,93,177
3,58,61
25,76,101
84,25,109
2,63,65
73,96,169
29,20,49
40,65,105
38,97,135
13,69,82
56,87,143
2,10,12
72,13,85
68,91,159
31,90,121
38,76,114
99,44,143
45,10,55
98,25,123
30,86,116
75,59,134
56,47,103
95,29,124
17,59,76
10,74,84
38,62,100
71,27,98
92,45,137
90,32,122
34,69,103
49,14,63
89,88,177
92,60,152
4,50,54
80,96,176
10,54,64
66,86,152
8,10,18
68,9,77
88,82,170
66,61,127
12,67,79
17,20,37
22,30,52
56,31,87
90,76,166
69,3,72
87,55,142
1,60,61
21,13,34
91,14,105
91,83,174
72,35,107
35,15,50
92,86,178
17,87,104
54,3,57
59,7,66
14,53,67
53,3,56
2,18,20
46,26,72
74,70,144
18,71,89
66,87,153
13,36,49
72,91,163
30,55,85
85,90,175
29,32,61
29,52,81
20,61,81
36,27,63
66,14,80
23,84,107
4,7,11
22,19,41
17,16,33
1,66,67
89,53,142
46,40,86
29,73,102
34,37,71
76,18,94
21,34,55
74,22,96
50,70,120
29,28,57
20,52,72
1,24,25
20,65,85
28,94,122
45,95,140
74,58,132
96,19,115
50,3,53
50,81,131
32,76,108
6,70,76
90,56,146
47,99,146
38,31,69
65,61,126
61,49,110
35,53,88
54,17,71
14,85,99
8,99,107
94,33,127
86,98,184
82,54,136
83,17,100
27,22,49
14,33,47
100,33,133
78,86,164
58,1,59
61,35,96
90,2,92
53,33,86
64,91,155
4,32,36
26,87,113
44,83,127
83,85,168
64,45,109
39,8,47
28,22,50
14,97,111
19,19,38
76,75,151
17,80,97
94,44,138
66,1,67
63,76,139
4,71,75
38,91,129
74,55,129
20,67,87
80,12,92
66,43,109
72,46,118
42,4,46
73,28,101
92,31,123
70,23,93
28,84,112
23,96,119
92,37,129
100,65,165
61,41,102
42,17,59
26,48,74
4,71,75
6,93,99
69,49,118
80,16,96
22,36,58
59,59,118
52,97,149
52,97,149
42,50,92
60,76,136
19,78,97
59,75,134
82,91,173
51,75,126
39,26,65
12,65,77
59,66,125
16,67,83
83,56,139
35,68,103
6,39,45
43,75,118
58,8,66
77,30,107
53,87,140
39,67,106
57,91,148
36,73,109
96,42,138
21,39,60
8,42,50
23,67,90
91,57,148
88,52,140
97,29,126
33,18,51
35,39,74
3,78,81
36,16,52
32,40,72
35,98,133
52,5,57
59,26,85
26,6,32
61,97,158
84,75,159
8,55,63
49,41,90
51,25,76
28,57,85
77,98,175
12,67,79
28,34,62
80,48,128
51,12,63
6,97,103
91,85,176
23,85,108
95,19,114
88,78,166
33,7,40
51,17,68
96,82,178
54,40,94
55,68,123
95,27,122
83,21,104
73,55,128
35,40,75
56,88,144
47,90,137
67,70,137
55,12,67
78,56,134
46,36,82
27,14,41
12,67,79
2,38,40
4,2,6
58,50,108
27,51,78
64,6,70
14,68,82
50,96,146
9,16,25
1,80,81
32,70,102
71,99,170
64,80,144
85,48,133
91,27,118
20,22,42
80,61,141
11,37,48
77,75,152
21,85,106
32,54,86
26,56,82
15,3,18
15,10,25
34,36,70
38,22,60
40,96,136
28,16,44
80,28,108
18,66,84
49,83,132
5,100,105
64,83,147
92,52,144
8,80,88
97,87,184
84,75,159
78,34,112
40,25,65
66,90,156
75,82,157
26,15,41
14,91,105
69,82,151
58,45,103
66,60,126
22,71,93
21,58,79
30,82,112
4,100,104
11,98,109
98,89,187
34,37,71
56,57,113
3,50,53
65,11,76
89,7,96
24,52,76
70,13,83
20,65,85
88,97,185
13,95,108
7,64,71
19,97,116
7,60,67
1,14,15
62,15,77
52,46,98
63,67,130
60,44,104
15,37,52
64,12,76
59,10,69
61,89,150
4,87,91
9,19,28
23,46,69
43,5,48
56,25,81
96,74,170
69,46,115
83,4,87
80,21,101
72,63,135
48,13,61
64,23,87
46,72,118
66,66,132
22,86,108
60,73,133
85,19,104
79,14,93
61,15,76
98,59,157
81,84,165
47,37,84
47,25,72
70,84,154
79,60,139
11,62,73
36,31,67
30,25,55
9,1,10
19,80,99
49,99,148
39,16,55
58,88,146
76,2,78
63,25,88
18,68,86
1,65,66
12,35,47
16,99,115
81,55,136
26,46,72
69,1,70
92,84,176
90,80,170
45,60,105
87,18,105
15,40,55
46,66,112
42,57,99
92,50,142
18,26,44
46,9,55
98,8,106
39,88,127
89,71,160
71,11,82
51,91,142
52,33,85
19,22,41
2,46,48
70,43,113
16,22,38
57,2,59
41,9,50
51,39,90
89,92,181
89,9,98
8,42,50
63,98,161
1,100,101
4,72,76
44,34,78
9,29,38
69,22,91
80,12,92
45,6,51
77,25,102
45,38,83
72,23,95
89,25,114
75,57,132
91,5,96
16,9,25
13,39,52
35,82,117
21,60,81
32,52,84
68,35,103
94,32,126
91,82,173
48,82,130
7,49,56
34,39,73
37,64,101
91,52,143
72,10,82
47,77,124
39,22,61
82,50,132
38,69,107
41,41,82
65,37,102
11,47,58
90,78,168
55,60,115
8,28,36
9,32,41
70,57,127
28,22,50
43,55,98
79,9,88
29,85,114
54,51,105
17,88,105
57,31,88
19,36,55
34,56,90
27,25,52
77,63,140
9,30,39
9,70,79
95,16,111
10,56,66
65,73,138
14,27,41
26,95,121
91,70,161
69,90,159
50,21,71
98,18,116
17,34,51
96,87,183
30,49,79
36,66,102
75,70,145
18,95,113
81,17,98
48,16,64
3,81,84
74,55,129
19,85,104
83,47,130
18,89,107
67,50,117
14,24,38
21,71,92
49,41,90
39,2,41
32,32,64
26,23,49
59,3,62
8,96,104
30,92,122
40,32,72
88,7,95
2,98,100
80,7,87
80,2,82
84,73,157
10,54,64
13,18,31
100,54,154
12,58,70
82,12,94
41,36,77
98,2,100
71,75,146
80,7,87
14,8,22
24,64,88
14,48,62
49,60,109
55,93,148
44,65,109
20,99,119
30,51,81
64,13,77
100,36,136
53,47,100
88,7,95
32,14,46
99,62,161
22,78,100
16,42,58
29,24,53
27,52,79
71,91,162
41,50,91
17,15,32
67,39,106
66,93,159
12,54,66
61,53,114
96,48,144
35,70,105
26,81,107
67,30,97
75,90,165
50,56,106
67,81,148
27,11,38
19,95,114
89,39,128
71,33,104
82,89,171
100,8,108
78,73,151
22,98,120
52,96,148
91,63,154
65,64,129
59,65,124
96,31,127
43,44,87
73,19,92
23,60,83
64,45,109
11,99,110
42,27,69
15,84,99
34,40,74
41,63,104
93,17,110
42,84,126
50,63,113
85,55,140
19,59,78
48,11,59
37,50,87
11,66,77
79,24,103
2,58,60
76,27,103
34,63,97
3,77,80
12,56,68
18,36,54
51,59,110
80,56,136
45,51,96
85,10,95
49,94,143
4,25,29
89,11,100
56,4,60
50,25,75
54,10,64
82,53,135
84,48,132
76,82,158
31,84,115
51,71,122
45,28,73
100,74,174
58,5,63
24,42,66
84,93,177
4,6,10
44,70,114
63,66,129
68,83,151
11,64,75
77,41,118
56,10,66
85,86,171
70,23,93
47,97,144
60,73,133
70,25,95
87,59,146
26,73,99
11,60,71
56,68,124
52,59,111
63,82,145
30,42,72
51,50,101
93,82,175
40,43,83
76,26,102
65,1,66
70,90,160
46,92,138
57,71,128
52,89,141
60,49,109
29,97,126
55,14,69
25,55,80
23,34,57
98,54,152
3,38,41
12,86,98
24,34,58
52,15,67
38,2,40
3,66,69
79,44,123
41,88,129
23,13,36
33,55,88
39,45,84
47,29,76
19,57,76
20,22,42
21,46,67
95,34,129
63,52,115
14,72,86
63,22,85
59,97,156
90,82,172
12,65,77
89,54,143
60,45,105
10,83,93
55,39,94
99,100,199
90,81,171
53,88,141
93,100,193
26,8,34
27,5,32
45,60,105
19,4,23
86,57,143
100,49,149
36,64,100
94,46,140
16,97,113
32,92,124
42,37,79
47,51,98
96,30,126
78,83,161
37,84,121
93,22,115
37,37,74
25,11,36
34,81,115
65,56,121
72,97,169
13,95,108
29,97,126
12,35,47
18,61,79
54,84,138
90,38,128
94,80,174
6,37,43
67,90,157
42,43,85
33,38,71
3,49,52
54,10,64
84,75,159
25,73,98
42,89,131
87,40,127
62,86,148
8,39,47
73,65,138
20,38,58
87,60,147
74,42,116
54,52,106
86,79,165
89,71,160
75,34,109
73,74,147
12,12,24
41,48,89
98,61,159
20,98,118
79,24,103
62,74,136
33,59,92
39,73,112
74,65,139
13,29,42
92,32,124
91,57,148
96,28,124
16,70,86
78,98,176
40,46,86
49,39,88
96,31,127
7,63,70
72,88,160
85,23,108
66,96,162
100,59,159
97,78,175
62,26,88
47,24,71
48,29,77
36,33,69
51,36,87
87,37,124
15,51,66
65,11,76
8,98,106
36,87,123
32,64,96
19,81,100
62,69,131
5,30,35
27,26,53
73,60,133
40,55,95
86,89,175
59,3,62
62,87,149
87,15,102
44,46,90
85,18,103
34,24,58
28,4,32
6,85,91
77,87,164
9,87,96
39,28,67
76,92,168
76,7,83
98,84,182
54,2,56
73,39,112
88,8,96
41,93,134
35,18,53
60,17,77
84,79,163
60,92,152
7,29,36
30,30,60
73,22,95
72,61,133
76,79,155
13,48,61
67,43,110
31,38,69
33,46,79
54,80,134
82,92,174
25,56,81
94,89,183
28,38,66
20,88,108
1,48,49
80,32,112
89,1,90
45,42,87
32,82,114
16,51,67
75,80,155
49,16,65
4,80,84
2,72,74
21,41,62
18,12,30
80,54,134
57,99,156
4,97,101
25,84,109
10,29,39
20,81,101
75,36,111
63,75,138
30,79,109
39,68,107
37,37,74
75,96,171
36,90,126
52,53,105
19,3,22
65,4,69
55,19,74
31,71,102
89,7,96
12,83,95
82,89,171
66,73,139
37,37,74
77,15,92
11,73,84
48,60,108
14,20,34
74,50,124
68,32,100
7,59,66
68,47,115
99,13,112
72,71,143
1,19,20
65,25,90
53,41,94
43,34,77
76,100,176
59,90,149
79,41,120
1,16,17
5,31,36
93,73,166
85,78,163
33,50,83
57,46,103
68,55,123
30,89,119
38,20,58
68,74,142
28,66,94
36,78,114
23,28,51
69,31,100
74,53,127
64,78,142
41,82,123
12,57,69
100,9,109
68,31,99
99,94,193
16,91,107
95,86,181
52,48,100
83,76,159
29,97,126
16,40,56
29,10,39
42,63,105
31,19,50
45,99,144
73,30,103
48,74,122
55,54,109
30,87,117
65,38,103
32,70,102
26,7,33
47,44,91
77,56,133
36,9,45
52,47,99
89,70,159
59,41,100
89,83,172
32,3,35
46,30,76
91,85,176
80,27,107
29,61,90
73,60,133
78,86,164
16,43,59
15,97,112
58,71,129
66,31,97
96,8,104
68,89,157
63,24,87
85,41,126
51,88,139
40,68,108
44,49,93
7,65,72
62,56,118
70,3,73
84,42,126
34,64,98
40,44,84
65,20,85
83,5,88
42,48,90
81,95,176
43,12,55
55,99,154
77,56,133
2,30,32
85,27,112
2,92,94
85,82,167
43,55,98
96,61,157
53,63,116
100,43,143
34,43,77
34,25,59
15,20,35
39,93,132
95,9,104
63,80,143
90,88,178
44,69,113
12,84,96
32,58,90
94,35,129
41,19,60
20,61,81
4,70,74
37,89,126
92,42,134
29,61,90
97,59,156
52,10,62
24,75,99
7,37,44
27,86,113
34,86,120
80,33,113
33,85,118
59,63,122
91,94,185
83,59,142
82,50,132
13,68,81
43,70,113
73,7,80
3,2,5
98,55,153
75,64,139
52,88,140
71,4,75
84,12,96
87,94,181
89,17,106
67,49,116
80,64,144
48,74,122
36,43,79
18,66,84
61,41,102
17,14,31
30,84,114
21,100,121
76,68,144
22,53,75
77,79,156
36,80,116
38,86,124
74,85,159
60,50,110
97,84,181
43,37,80
63,28,91
14,31,45
13,69,82
79,20,99
18,60,78
75,91,166
27,50,77
81,42,123
60,19,79
30,17,47
91,96,187
9,78,87
18,8,26
4,23,27
80,73,153
23,63,86
80,13,93
67,39,106
97,77,174
25,17,42
81,9,90
43,4,47
26,100,126
15,84,99
12,89,101
81,58,139
59,8,67
78,54,132
70,72,142
61,82,143
14,92,106
40,57,97
95,65,160
24,17,41
31,74,105
15,79,94
24,80,104
96,52,148
79,26,105
83,90,173
27,81,108
93,9,102
31,93,124
28,73,101
36,2,38
87,73,160
46,15,61
6,99,105
67,29,96
46,28,74
8,70,78
45,90,135
51,89,140
93,89,182
6,87,93
53,47,100
70,94,164
36,70,106
23,100,123
24,83,107
55,51,106
40,24,64
24,65,89
69,79,148
93,45,138
23,8,31
5,41,46
70,56,126
54,43,97
93,61,154
29,43,72
6,55,61
47,71,118
93,75,168
55,43,98
58,82,140
10,56,66
30,8,38
31,32,63
77,84,161
11,65,76
54,15,69
22,40,62
14,29,43
2,49,51
91,59,150
4,48,52
22,45,67
84,1,85
59,13,72
78,100,178
14,81,95
63,67,130
39,53,92
86,62,148
65,53,118
53,54,107
74,1,75
85,1,86
87,69,156
3,34,37
80,32,112
52,80,132
20,9,29
40,31,71
91,80,171
73,34,107
96,93,189
40,13,53
59,33,92
86,18,104
27,18,45
16,81,97
40,18,58
40,59,99
2,35,37
7,94,101
85,18,103
1,78,79
17,82,99
89,76,165
97,84,181
39,18,57
49,48,97
7,40,47
14,38,52
23,10,33
99,84,183
24,78,102
35,24,59
97,56,153
34,94,128
79,69,148
84,48,132
18,13,31
83,38,121
10,31,41
92,6,98
68,81,149
14,86,100
2,63,65
25,27,52
39,70,109
50,78,128
13,94,107
38,85,123
84,84,168
88,85,173
94,43,137
57,24,81
11,3,14
10,40,50
66,63,129
97,79,176
56,72,128
43,87,130
5,51,56
76,92,168
84,78,162
15,49,64
97,37,134
15,82,97
34,60,94
50,37,87
21,85,106
29,4,33
34,50,84
79,2,81
71,6,77
98,43,141
47,75,122
43,26,69
85,37,122
72,48,120
55,33,88
41,45,86
29,53,82
69,87,156
72,41,113
90,9,99
77,73,150
21,14,35
91,14,105
97,80,177
67,28,95
86,32,118
25,47,72
22,79,101
79,53,132
40,24,64
85,17,102
77,14,91
44,44,88
23,85,108
59,1,60
3,79,82
56,24,80
73,24,97
9,78,87
72,45,117
15,57,72
18,82,100
44,66,110
29,16,45
49,82,131
80,77,157
95,13,108
50,78,128
94,29,123
5,25,30
72,27,99
73,64,137
20,27,47
98,70,168
33,27,60
55,42,97
90,39,129
53,10,63
19,66,85
62,20,82
27,5,32
31,78,109
79,78,157
58,2,60
89,70,159
31,46,77
55,100,155
14,92,106
55,100,155
19,42,61
62,33,95
13,60,73
12,11,23
51,71,122
17,54,71
75,36,111
58,94,152
83,63,146
53,64,117
97,17,114
70,71,141
95,34,129
5,49,54
24,69,93
22,18,40
81,87,168
69,91,160
68,35,103
4,29,33
97,91,188
73,27,100
6,20,26
54,69,123
21,91,112
16,92,108
8,18,26
27,91,118
61,23,84
19,12,31
48,67,115
56,100,156
47,76,123
7,44,51
48,76,124
52,21,73
95,88,183
95,41,136
73,13,86
23,44,67
74,29,103
41,61,102
97,38,135
74,48,122
74,57,131
69,51,120
100,68,168
42,34,76
33,84,117
63,31,94
19,43,62
43,22,65
15,70,85
29,29,58
90,30,120
91,23,114
86,71,157
65,59,124
96,79,175
5,21,26
87,59,146
36,20,56
97,79,176
97,9,106
90,30,120
78,21,99
47,32,79
69,20,89
45,34,79
41,57,98
18,60,78
8,91,99
3,31,34
59,56,115
86,7,93
82,74,156
68,56,124
64,60,124
75,11,86
83,69,152
10,56,66
10,2,12
20,57,77
100,16,116
21,59,80
20,21,41
27,67,94
32,40,72
38,27,65
18,30,48
13,71,84
55,34,89
10,28,38
80,23,103
85,54,139
62,10,72
63,100,163
17,42,59
86,89,175
95,98,193
99,60,159
37,93,130
89,60,149
74,40,114
6,78,84
79,40,119
66,80,146
2,99,101
63,56,119
22,85,107
68,39,107
52,51,103
32,10,42
54,17,71
36,21,57
25,48,73
20,9,29
1,67,68
59,12,71
51,2,53
47,87,134
87,90,177
23,81,104
6,10,16
53,20,73
96,61,157
79,40,119
93,14,107
44,92,136
71,70,141
64,71,135
6,71,77
94,55,149
99,13,112
91,33,124
95,36,131
42,36,78
85,81,166
80,92,172
85,70,155
96,42,138
72,72,144
22,43,65
36,45,81
94,49,143
70,21,91
39,24,63
69,10,79
90,68,158
43,8,51
49,50,99
1,82,83
14,67,81
34,80,114
3,69,72
26,15,41
66,95,161
34,78,112
9,24,33
68,17,85
56,51,107
73,80,153
39,4,43
40,86,126
8,25,33
93,88,181
85,19,104
30,8,38
76,9,85
32,32,64
4,52,56
10,88,98
97,24,121
68,95,163
60,97,157
91,91,182
21,84,105
51,33,84
29,3,32
13,41,54
5,89,94
76,39,115
85,94,179
27,43,70
15,49,64
81,57,138
68,50,118
47,66,113
68,74,142
34,54,88
44,82,126
62,46,108
68,19,87
55,85,140
28,5,33
88,95,183
77,9,86
94,66,160
26,41,67
67,18,85
33,52,85
83,37,120
35,69,104
68,48,116
93,100,193
21,27,48
79,36,115
43,59,102
20,93,113
89,82,171
25,11,36
6,34,40
14,100,114
12,7,19
30,49,79
29,15,44
72,89,161
52,24,76
3,41,44
63,3,66
57,76,133
63,43,106
61,56,117
58,94,152
21,12,33
2,78,80
17,89,106
58,65,123
27,78,105
15,69,84
67,52,119
43,22,65
96,48,144
7,26,33
37,44,81
80,40,120
56,18,74
56,4,60
62,78,140
61,38,99
76,4,80
15,30,45
41,48,89
91,26,117
34,27,61
27,36,63
24,16,40
84,64,148
88,70,158
51,83,134
47,4,51
25,11,36
33,45,78
88,69,157
31,27,58
16,82,98
79,11,90
65,57,122
61,70,131
23,31,54
42,37,79
57,77,134
38,96,134
77,87,164
15,5,20
87,35,122
46,88,134
91,44,135
88,74,162
60,54,114
22,68,90
77,69,146
55,11,66
83,47,130
25,76,101
97,38,135
24,63,87
37,30,67
61,13,74
39,74,113
96,89,185
58,90,148
66,22,88
21,54,75
12,95,107
39,60,99
92,71,163
91,93,184
68,96,164
47,78,125
6,65,71
70,9,79
64,61,125
62,97,159
51,100,151
78,59,137
87,40,127
20,75,95
38,32,70
69,67,136
17,5,22
30,79,109
30,22,52
92,5,97
22,11,33
1,16,17
37,54,91
16,100,116
67,17,84
56,88,144
22,86,108
55,40,95
52,75,127
19,24,43
16,54,70
26,25,51
58,20,78
87,32,119
99,21,120
73,32,105
89,77,166
4,35,39
59,37,96
11,40,51
37,69,106
96,22,118
28,96,124
21,91,112
93,81,174
10,41,51
35,44,79
20,85,105
59,26,85
71,11,82
8,85,93
40,61,101
33,42,75
42,13,55
95,60,155
5,12,17
81,4,85
48,40,88
22,34,56
2,23,25
77,26,103
39,45,84
79,14,93
94,1,95
50,3,53
58,42,100
90,26,116
51,71,122
93,6,99
4,47,51
10,13,23
70,76,146
88,56,144
68,19,87
48,26,74
62,33,95
56,46,102
51,75,126
61,78,139
40,11,51
29,92,121
41,96,137
33,22,55
80,26,106
68,15,83
76,60,136
28,52,80
70,69,139
17,52,69
29,70,99
82,94,176
47,56,103
67,77,144
30,92,122
21,17,38
69,57,126
26,50,76
4,20,24
23,91,114
86,57,143
87,26,113
62,60,122
10,62,72
97,9,106
41,40,81
82,51,133
55,2,57
50,62,112
73,37,110
41,24,65
67,42,109
35,70,105
68,39,107
100,76,176
77,11,88
87,40,127
97,25,122
19,20,39
66,91,157
12,6,18
26,34,60
83,80,163
46,87,133
96,98,194
42,82,124
58,20,78
48,18,66
70,44,114
56,18,74
72,42,114
61,67,128
22,24,46
91,57,148
48,89,137
13,41,54
76,31,107
79,70,149
13,98,111
96,13,109
34,33,67
73,12,85
40,61,101
14,6,20
78,26,104
85,46,131
27,90,117
20,18,38
2,43,45
96,20,116
23,77,100
54,33,87
100,33,133
12,55,67
14,63,77
51,92,143
21,13,34
82,82,164
51,37,88
100,8,108
42,88,130
52,91,143
97,90,187
83,41,124
94,68,162
6,15,21
82,27,109
42,18,60
94,67,161
77,24,101
72,67,139
42,43,85
83,95,178
86,24,110
57,73,130
49,15,64
95,23,118
94,63,157
63,94,157
40,80,120
64,8,72
71,36,107
93,46,139
71,63,134
3,71,74
34,50,84
42,52,94
26,27,53
70,21,91
21,52,73
41,83,124
40,70,110
77,35,112
34,28,62
1,78,79
74,74,148
50,12,62
23,76,99
35,60,95
84,61,145
15,68,83
2,46,48
42,75,117
16,57,73
84,62,146
51,65,116
33,33,66
80,66,146
4,53,57
9,95,104
26,86,112
15,72,87
77,93,170
46,48,94
45,92,137
64,33,97
35,95,130
76,14,90
38,46,84
77,6,83
62,1,63
80,51,131
55,27,82
68,61,129
51,52,103
87,30,117
97,13,110
44,25,69
53,11,64
88,51,139
76,36,112
11,11,22
81,87,168
44,81,125
19,13,32
79,74,153
70,69,139
5,41,46
34,82,116
7,71,78
44,61,105
37,58,95
38,17,55
72,47,119
3,50,53
88,67,155
45,73,118
81,39,120
82,76,158
9,74,83
96,2,98
65,54,119
25,19,44
2,10,12
91,50,141
39,95,134
54,73,127
81,90,171
64,97,161
22,46,68
7,11,18
16,51,67
28,14,42
17,16,33
4,80,84
29,73,102
66,13,79
84,72,156
48,42,90
38,59,97
21,30,51
88,22,110
53,57,110
48,71,119
73,17,90
65,40,105
65,76,141
55,11,66
60,48,108
52,56,108
50,2,52
55,96,151
94,22,116
32,76,108
19,44,63
94,42,136
5,70,75
83,53,136
43,94,137
23,36,59
22,46,68
91,64,155
5,8,13
35,27,62
82,76,158
33,44,77
85,99,184
98,55,153
60,61,121
78,54,132
9,64,73
50,92,142
95,26,121
15,75,90
83,28,111
64,35,99
2,55,57
81,43,124
37,59,96
44,59,103
69,51,120
41,35,76
28,34,62
6,86,92
22,24,46
83,40,123
60,21,81
99,28,127
31,100,131
23,54,77
66,68,134
84,39,123
48,56,104
37,78,115
71,82,153
20,18,38
80,54,134
35,79,114
61,37,98
98,11,109
93,48,141
49,83,132
9,78,87
25,31,56
80,79,159
27,27,54
94,89,183
2,84,86
73,39,112
74,42,116
72,28,100
40,29,69
28,18,46
94,2,96
66,90,156
29,13,42
13,56,69
51,14,65
86,20,106
26,84,110
9,39,48
62,26,88
50,2,52
58,55,113
6,49,55
62,9,71
42,85,127
60,55,115
24,59,83
67,80,147
76,59,135
76,23,99
86,61,147
4,98,102
17,25,42
14,14,28
96,99,195
27,12,39
49,19,68
97,79,176
90,73,163
56,15,71
63,39,102
48,41,89
70,99,169
1,76,77
89,86,175
83,8,91
96,11,107
71,55,126
43,30,73
52,41,93
28,37,65
7,29,36
11,28,39
57,59,116
69,24,93
73,75,148
75,33,108
26,50,76
38,63,101
54,82,136
79,95,174
82,83,165
47,23,70
50,62,112
50,35,85
44,18,62
9,87,96
13,12,25
43,74,117
12,68,80
54,82,136
39,88,127
64,85,149
53,68,121
36,37,73
18,36,54
16,81,97
84,64,148
37,12,49
19,37,56
86,27,113
50,41,91
55,34,89
15,87,102
36,6,42
16,58,74
12,31,43
21,26,47
58,99,157
86,66,152
39,12,51
58,28,86
1,66,67
43,34,77
91,96,187
41,21,62
46,7,53
94,12,106
87,92,179
93,73,166
24,17,41
23,15,38
63,56,119
3,38,41
78,8,86
33,21,54
92,32,124
35,81,116
66,32,98
30,45,75
49,42,91
94,76,170
97,66,163
3,97,100
89,72,161
25,58,83
12,92,104
20,27,47
37,33,70
89,57,146
73,5,78
18,74,92
16,43,59
87,34,121
94,90,184
55,38,93
62,30,92
9,20,29
34,87,121
24,52,76
34,99,133
92,1,93
24,86,110
17,71,88
78,61,139
45,5,50
40,32,72
44,2,46
85,27,112
10,53,63
93,55,148
51,37,88
38,68,106
10,90,100
63,8,71
95,37,132
4,50,54
18,46,64
9,83,92
25,4,29
44,99,143
75,19,94
81,32,113
61,69,130
31,56,87
30,54,84
46,39,85
3,23,26
77,38,115
53,15,68
97,36,133
84,50,134
72,52,124
25,65,90
76,29,105
17,69,86
69,19,88
36,93,129
23,28,51
21,1,22
11,19,30
5,66,71
44,12,56
42,98,140
30,3,33
59,72,131
74,15,89
17,32,49
9,72,81
71,25,96
53,51,104
66,72,138
31,87,118
100,41,141
42,53,95
44,63,107
6,17,23
68,91,159
47,33,80
5,75,80
61,84,145
53,78,131
21,95,116
9,92,101
41,49,90
98,68,166
46,62,108
54,98,152
30,83,113
43,17,60
6,99,105
7,31,38
12,73,85
52,18,70
89,35,124
17,7,24
62,34,96
88,18,106
19,18,37
72,28,100
39,81,120
6,81,87
73,44,117
28,20,48
43,34,77
25,63,88
53,18,71
4,59,63
29,56,85
95,46,141
35,29,64
46,12,58
5,74,79
99,50,149
29,19,48
11,57,68
2,9,11
76,67,143
91,61,152
13,4,17
84,62,146
75,60,135
88,77,165
58,92,150
37,97,134
66,25,91
19,48,67
31,77,108
11,94,105
4,48,52
37,72,109
41,60,101
94,55,149
43,21,64
87,27,114
14,73,87
40,28,68
21,6,27
16,2,18
65,37,102
39,14,53
77,42,119
58,38,96
73,92,165
17,28,45
93,82,175
68,93,161
29,9,38
83,51,134
45,78,123
24,56,80
44,8,52
85,52,137
9,48,57
84,13,97
88,52,140
35,97,132
2,89,91
99,99,198
20,64,84
44,99,143
98,20,118
41,55,96
70,38,108
52,64,116
12,19,31
90,57,147
41,4,45
11,3,14
29,65,94
84,35,119
52,56,108
63,82,145
50,17,67
60,36,96
37,88,125
23,88,111
55,13,68
24,97,121
4,82,86
63,43,106
62,51,113
74,9,83
95,20,115
63,85,148
96,38,134
23,17,40
34,24,58
37,51,88
16,77,93
7,89,96
91,83,174
98,77,175
94,86,180
6,97,103
29,21,50
40,32,72
43,100,143
62,99,161
24,91,115
7,55,62
90,53,143
20,86,106
39,81,120
8,22,30
70,85,155
1,19,20
89,15,104
53,60,113
83,72,155
27,7,34
20,78,98
33,41,74
19,17,36
95,82,177
9,23,32
5,21,26
30,41,71
15,33,48
36,86,122
62,79,141
83,96,179
81,4,85
98,93,191
41,23,64
56,56,112
53,87,140
50,20,70
6,1,7
85,20,105
81,4,85
86,49,135
76,58,134
41,25,66
19,34,53
27,25,52
57,73,130
47,53,100
61,21,82
96,93,189
69,17,86
28,34,62
24,15,39
29,37,66
49,83,132
80,84,164
90,24,114
68,31,99
85,21,106
77,43,120
53,14,67
31,35,66
38,58,96
40,68,108
87,100,187
94,93,187
40,50,90
19,68,87
33,38,71
8,74,82
18,87,105
33,3,36
36,64,100
71,40,111
79,29,108
22,9,31
35,93,128
100,72,172
80,84,164
10,46,56
55,36,91
48,24,72
59,23,82
62,25,87
86,18,104
12,31,43
66,8,74
66,14,80
100,52,152
45,8,53
25,34,59
23,1,24
76,47,123
80,27,107
96,69,165
71,18,89
51,16,67
68,12,80
70,63,133
48,42,90
87,58,145
73,97,170
82,6,88
2,46,48
74,14,88
86,82,168
97,68,165
90,1,91
29,13,42
4,53,57
83,81,164
30,74,104
67,40,107
100,7,107
24,100,124
64,53,117
100,35,135
67,72,139
96,57,153
37,6,43
81,18,99
27,14,41
84,35,119
42,51,93
18,26,44
1,20,21
72,74,146
87,20,107
82,40,122
69,7,76
31,15,46
40,22,62
97,5,102
32,54,86
42,77,119
60,60,120
38,3,41
87,6,93
84,55,139
46,56,102
52,55,107
70,38,108
31,48,79
11,55,66
22,63,85
91,93,184
49,91,140
28,32,60
29,59,88
57,73,130
19,57,76
99,13,112
54,20,74
85,28,113
10,10,20
81,95,176
89,52,141
4,3,7
52,88,140
15,21,36
90,58,148
91,95,186
24,13,37
13,64,77
71,38,109
97,72,169
17,16,33
85,39,124
37,6,43
83,97,180
63,54,117
25,24,49
16,86,102
85,32,117
67,37,104
50,61,111
84,42,126
9,96,105
35,54,89
34,57,91
2,34,36
41,82,123
2,11,13
68,98,166
96,58,154
39,28,67
48,64,112
13,34,47
43,55,98
38,77,115
72,13,85
92,58,150
25,1,26
39,8,47
80,31,111
76,19,95
79,53,132
39,87,126
24,84,108
30,17,47
9,43,52
25,35,60
100,91,191
93,83,176
27,85,112
24,10,34
9,5,14
77,36,113
68,21,89
11,85,96
27,35,62
4,80,84
3,27,30
22,76,98
6,19,25
41,42,83
19,53,72
40,56,96
87,84,171
55,64,119
38,56,94
68,31,99
73,66,139
78,32,110
78,33,111
90,14,104
50,32,82
41,78,119
90,42,132
99,47,146
28,56,84
89,60,149
46,27,73
74,57,131
29,75,104
23,34,57
63,88,151
42,29,71
49,26,75
7,22,29
33,34,67
20,62,82
36,1,37
1,90,91
87,94,181
7,65,72
72,56,128
99,64,163
37,76,113
33,78,111
26,89,115
46,64,110
48,38,86
39,89,128
79,86,165
31,17,48
95,48,143
84,29,113
76,6,82
10,33,43
48,5,53
14,71,85
41,30,71
4,17,21
100,74,174
58,2,60
82,38,120
85,77,162
4,32,36
87,17,104
16,41,57
44,6,50
69,27,96
72,75,147
4,6,10
33,87,120
100,32,132
1,73,74
73,79,152
51,36,87
23,37,60
40,65,105
98,11,109
85,33,118
8,1,9
70,54,124
75,72,147
30,77,107
56,72,128
48,45,93
79,69,148
15,77,92
96,99,195
54,68,122
32,92,124
78,32,110
45,8,53
53,65,118
27,38,65
7,56,63
21,46,67
70,7,77
56,74,130
90,96,186
9,18,27
73,16,89
48,84,132
45,26,71
54,4,58
35,88,123
97,45,142
73,58,131
74,41,115
96,42,138
18,43,61
21,97,118
76,48,124
28,38,66
11,83,94
13,9,22
74,72,146
9,12,21
30,75,105
52,40,92
61,48,109
1,90,91
48,64,112
67,76,143
74,99,173
47,52,99
13,78,91
56,53,109
56,96,152
46,12,58
85,60,145
13,79,92
10,34,44
82,51,133
35,89,124
71,33,104
72,27,99
16,72,88
78,55,133
98,15,113
17,4,21
90,48,138
76,5,81
23,64,87
25,50,75
29,3,32
2,81,83
19,48,67
99,2,101
2,28,30
41,44,85
26,78,104
14,55,69
65,34,99
13,20,33
98,75,173
13,82,95
80,22,102
56,80,136
100,36,136
63,47,110
5,34,39
27,58,85
45,71,116
43,77,120
37,93,130
54,82,136
63,28,91
26,88,114
78,74,152
25,17,42
36,50,86
23,48,71
79,66,145
57,91,148
1,59,60
81,49,130
39,65,104
67,28,95
78,54,132
23,52,75
51,39,90
82,50,132
77,31,108
53,95,148
88,24,112
23,77,100
97,51,148
19,73,92
39,18,57
1,28,29
29,78,107
24,42,66
5,6,11
85,42,127
3,9,12
91,69,160
23,45,68
84,37,121
51,94,145
31,80,111
5,72,77
98,99,197
14,98,112
90,25,115
80,28,108
84,52,136
84,11,95
33,69,102
57,31,88
96,24,120
25,47,72
77,80,157
3,35,38
22,65,87
98,79,177
19,67,86
7,22,29
53,63,116
28,9,37
21,93,114
71,81,152
100,86,186
67,4,71
17,61,78
60,32,92
24,49,73
42,67,109
2,4,6
98,90,188
96,41,137
82,43,125
53,70,123
100,26,126
44,55,99
37,13,50
93,14,107
40,94,134
82,69,151
53,40,93
84,23,107
60,56,116
88,89,177
38,40,78
91,74,165
21,97,118
45,25,70
76,76,152
1,25,26
10,49,59
2,45,47
17,51,68
37,24,61
43,17,60
60,88,148
16,15,31
22,45,67
21,10,31
75,11,86
2,68,70
22,98,120
29,56,85
80,35,115
25,38,63
14,94,108
24,87,111
44,20,64
47,14,61
90,25,115
54,8,62
15,88,103
5,93,98
92,66,158
61,46,107
15,5,20
21,87,108
31,9,40
50,81,131
68,60,128
58,33,91
21,43,64
42,63,105
15,74,89
2,34,36
51,11,62
65,92,157
7,86,93
35,13,48
77,89,166
72,56,128
68,16,84
68,100,168
46,4,50
62,11,73
64,60,124
70,16,86
60,45,105
78,32,110
37,63,100
91,49,140
90,52,142
33,55,88
86,18,104
38,80,118
39,47,86
70,67,137
49,56,105
81,83,164
65,11,76
31,58,89
80,98,178
8,2,10
48,61,109
85,90,175
21,99,120
85,98,183
40,36,76
22,65,87
53,28,81
99,60,159
24,15,39
76,81,157
41,79,120
78,31,109
40,52,92
27,14,41
93,72,165
71,80,151
68,66,134
12,7,19
82,50,132
73,44,117
79,48,127
87,29,116
13,54,67
34,47,81
17,33,50
2,75,77
90,20,110
64,36,100
71,27,98
93,60,153
38,58,96
45,80,125
16,35,51
95,79,174
95,86,181
97,98,195
71,83,154
23,88,111
87,71,158
55,52,107
49,94,143
1,6,7
76,80,156
88,95,183
87,61,148
38,70,108
73,5,78
96,73,169
99,20,119
57,23,80
60,78,138
69,11,80
66,49,115
90,89,179
57,58,115
14,53,67
33,72,105
41,78,119
68,49,117
17,68,85
31,29,60
93,61,154
77,47,124
11,53,64
44,38,82
54,87,141
22,78,100
88,38,126
80,93,173
46,82,128
23,47,70
68,42,110
71,82,153
80,82,162
31,7,38
7,23,30
10,84,94
11,65,76
14,92,106
36,80,116
53,2,55
72,20,92
18,26,44
69,3,72
63,72,135
54,93,147
38,82,120
4,57,61
14,83,97
38,71,109
8,90,98
17,91,108
58,100,158
17,11,28
33,86,119
41,11,52
61,6,67
27,22,49
75,52,127
62,60,122
90,41,131
48,1,49
9,22,31
35,51,86
91,36,127
49,35,84
88,34,122
78,53,131
53,86,139
59,28,87
45,98,143
76,38,114
80,10,90
17,51,68
60,57,117
25,29,54
90,84,174
57,46,103
91,84,175
19,51,70
83,55,138
86,84,170
77,42,119
65,42,107
95,83,178
50,31,81
18,79,97
33,47,80
22,91,113
88,94,182
37,67,104
6,58,64
28,35,63
93,98,191
19,93,112
9,75,84
40,15,55
86,52,138
54,54,108
85,67,152
24,51,75
60,95,155
27,64,91
4,52,56
88,26,114
99,5,104
65,69,134
42,92,134
64,77,141
76,18,94
89,66,155
5,91,96
45,83,128
23,73,96
59,53,112
29,54,83
39,43,82
38,53,91
38,7,45
27,39,66
55,92,147
54,65,119
35,39,74
22,65,87
34,24,58
100,45,145
37,59,96
64,48,112
99,93,192
44,13,57
23,8,31
92,68,160
57,54,111
32,64,96
50,18,68
26,69,95
61,93,154
4,92,96
65,70,135
12,9,21
51,91,142
82,28,110
21,65,86
15,75,90
5,3,8
18,35,53
92,17,109
69,51,120
39,43,82
58,96,154
89,85,174
86,46,132
66,88,154
59,74,133
17,97,114
40,52,92
38,5,43
12,86,98
27,84,111
38,94,132
98,60,158
68,28,96
69,44,113
59,52,111
7,61,68
51,37,88
26,30,56
66,59,125
58,68,126
4,59,63
15,47,62
83,5,88
30,47,77
25,59,84
24,73,97
95,6,101
73,27,100
9,50,59
22,78,100
20,85,105
8,16,24
90,13,103
47,36,83
82,48,130
43,23,66
95,82,177
14,15,29
49,93,142
17,85,102
11,49,60
9,86,95
96,96,192
84,89,173
8,70,78
40,85,125
15,22,37
57,95,152
29,57,86
81,99,180
59,79,138
92,17,109
97,51,148
13,85,98
3,97,100
27,81,108
36,57,93
44,48,92
100,91,191
22,74,96
27,66,93
20,4,24
64,4,68
78,96,174
38,39,77
42,62,104
85,93,178
12,22,34
88,16,104
54,26,80
27,98,125
61,73,134
83,53,136
100,38,138
43,36,79
37,52,89
52,41,93
8,31,39
9,45,54
33,2,35
7,23,30
48,47,95
77,79,156
7,15,22
89,36,125
29,18,47
89,26,115
39,69,108
73,98,171
61,27,88
88,40,128
60,23,83
84,43,127
24,73,97
43,64,107
1,88,89
73,50,123
73,20,93
60,87,147
74,89,163
63,55,118
98,67,165
6,53,59
15,100,115
96,31,127
60,88,148
87,48,135
11,9,20
11,54,65
100,17,117
95,35,130
31,42,73
45,45,90
77,6,83
41,59,100
51,22,73
13,77,90
28,29,57
53,79,132
79,79,158
39,43,82
57,1,58
88,35,123
100,93,193
71,79,150
78,56,134
16,60,76
18,32,50
16,15,31
62,33,95
93,11,104
80,12,92
65,20,85
60,86,146
65,72,137
60,49,109
100,93,193
97,40,137
34,3,37
21,2,23
23,5,28
17,34,51
42,55,97
55,91,146
69,54,123
66,20,86
100,96,196
6,78,84
71,44,115
32,27,59
90,55,145
85,72,157
98,53,151
42,31,73
90,95,185
71,1,72
34,79,113
38,6,44
76,90,166
96,55,151
16,39,55
38,60,98
63,96,159
72,29,101
16,34,50
12,27,39
83,18,101
16,85,101
16,98,114
35,17,52
17,12,29
56,99,155
13,10,23
8,36,44
38,32,70
39,66,105
4,65,69
79,89,168
2,39,41
80,39,119
18,49,67
14,81,95
22,83,105
68,25,93
72,57,129
7,13,20
2,82,84
44,76,120
85,81,166
40,97,137
16,60,76
92,34,126
23,42,65
45,9,54
34,28,62
32,67,99
56,31,87
85,61,146
23,43,66
52,21,73
75,21,96
64,53,117
80,19,99
1,72,73
27,35,62
5,30,35
73,62,135
32,34,66
16,25,41
39,37,76
26,32,58
94,91,185
62,95,157
90,95,185
57,64,121
19,9,28
65,33,98
14,42,56
32,10,42
28,69,97
54,77,131
55,32,87
72,45,117
52,13,65
19,21,40
61,14,75
32,40,72
2,35,37
58,36,94
23,92,115
77,81,158
26,78,104
44,59,103
39,49,88
30,17,47
10,20,30
71,10,81
87,40,127
8,69,77
14,36,50
51,14,65
98,72,170
51,76,127
72,31,103
44,20,64
39,19,58
26,78,104
59,9,68
71,19,90
10,31,41
52,20,72
53,56,109
14,76,90
78,94,172
24,41,65
84,21,105
65,67,132
74,92,166
20,47,67
83,65,148
64,16,80
33,99,132
35,84,119
53,54,107
48,24,72
45,61,106
28,43,71
79,68,147
13,60,73
18,86,104
34,26,60
17,41,58
70,31,101
42,32,74
86,12,98
64,91,155
57,98,155
44,23,67
37,74,111
36,82,118
52,73,125
64,53,117
81,35,116
90,17,107
98,94,192
58,15,73
83,66,149
9,93,102
66,37,103
31,5,36
77,46,123
70,69,139
88,76,164
91,96,187
91,85,176
45,13,58
13,13,26
69,5,74
73,1,74
75,48,123
93,79,172
50,23,73
69,85,154
41,75,116
51,83,134
92,28,120
19,5,24
25,26,51
30,26,56
38,9,47
99,87,186
77,86,163
36,38,74
8,68,76
45,84,129
78,81,159
67,44,111
68,58,126
22,54,76
17,3,20
6,64,70
10,49,59
18,51,69
35,9,44
9,79,88
29,11,40
91,86,177
23,23,46
73,88,161
53,85,138
41,92,133
34,96,130
57,70,127
46,51,97
1,94,95
73,60,133
68,8,76
21,17,38
5,87,92
23,34,57
99,75,174
70,11,81
9,67,76
96,84,180
69,52,121
77,30,107
18,35,53
73,16,89
20,42,62
95,56,151
88,60,148
49,85,134
99,29,128
74,60,134
37,58,95
62,37,99
98,96,194
25,99,124
58,16,74
37,23,60
85,19,104
62,7,69
26,11,37
68,72,140
81,14,95
79,47,126
76,1,77
43,34,77
97,7,104
62,35,97
41,32,73
69,20,89
61,58,119
4,52,56
27,96,123
99,55,154
1,92,93
76,23,99
20,27,47
23,26,49
71,42,113
66,69,135
60,32,92
92,9,101
98,7,105
15,47,62
59,95,154
26,55,81
59,86,145
66,58,124
15,1,16
60,54,114
63,41,104
4,8,12
59,23,82
48,3,51
71,78,149
40,99,139
85,36,121
14,30,44
68,18,86
6,9,15
15,91,106
81,86,167
80,87,167
4,49,53
83,78,161
50,98,148
43,96,139
66,91,157
33,93,126
93,43,136
23,16,39
73,85,158
58,39,97
42,25,67
27,15,42
23,50,73
9,9,18
91,90,181
18,87,105
78,58,136
68,97,165
20,80,100
6,36,42
96,88,184
21,24,45
24,26,50
52,38,90
10,60,70
3,31,34
23,92,115
98,56,154
100,33,133
33,29,62
11,39,50
26,9,35
70,28,98
59,30,89
13,69,82
67,69,136
26,69,95
18,27,45
64,93,157
7,49,56
59,1,60
38,36,74
17,2,19
50,46,96
15,49,64
72,36,108
19,87,106
7,2,9
78,70,148
96,62,158
9,74,83
81,69,150
64,97,161
100,85,185
63,58,121
33,46,79
39,72,111
15,71,86
56,43,99
8,97,105
53,21,74
24,68,92
94,15,109
88,22,110
97,76,173
91,28,119
35,75,110
26,13,39
6,72,78
79,12,91
21,97,118
55,94,149
7,79,86
90,20,110
39,65,104
18,76,94
69,30,99
82,59,141
59,100,159
5,1,6
35,96,131
26,1,27
9,69,78
29,64,93
29,93,122
98,18,116
78,35,113
75,66,141
89,56,145
15,66,81
43,81,124
26,17,43
24,15,39
1,90,91
57,23,80
51,91,142
50,70,120
95,87,182
31,23,54
27,3,30
92,95,187
58,9,67
53,35,88
45,27,72
67,32,99
79,78,157
58,5,63
55,52,107
26,33,59
36,87,123
76,7,83
49,52,101
48,24,72
18,21,39
41,48,89
93,94,187
49,97,146
74,77,151
42,36,78
3,22,25
100,38,138
57,37,94
23,30,53
23,21,44
99,14,113
72,93,165
26,11,37
82,61,143
75,64,139
40,69,109
82,43,125
97,1,98
3,63,66
97,93,190
90,81,171
13,44,57
42,66,108
44,15,59
33,13,46
85,96,181
26,25,51
71,66,137
77,88,165
76,98,174
47,5,52
8,84,92
72,75,147
60,95,155
66,26,92
92,33,125
71,5,76
31,14,45
20,61,81
3,99,102
6,75,81
86,69,155
7,92,99
85,15,100
53,3,56
10,95,105
1,81,82
40,11,51
45,65,110
59,96,155
69,57,126
43,2,45
78,55,133
60,84,144
48,30,78
60,71,131
1,69,70
20,60,80
92,65,157
5,3,8
23,34,57
5,37,42
22,98,120
37,61,98
72,44,116
9,35,44
98,30,128
99,94,193
11,65,76
73,5,78
49,19,68
79,54,133
70,70,140
22,26,48
42,93,135
21,20,41
70,100,170
25,22,47
90,57,147
77,9,86
76,6,82
56,6,62
45,89,134
39,74,113
74,38,112
39,96,135
91,5,96
16,55,71
27,98,125
14,88,102
68,71,139
90,26,116
86,87,173
19,41,60
45,81,126
71,86,157
45,11,56
78,77,155
28,84,112
88,27,115
15,88,103
86,54,140
34,84,118
74,29,103
95,96,191
8,21,29
48,83,131
88,65,153
30,81,111
100,14,114
39,55,94
76,59,135
16,56,72
11,80,91
89,75,164
44,4,48
93,4,97
100,60,160
43,4,47
41,76,117
48,17,65
61,54,115
43,99,142
68,33,101
63,60,123
55,36,91
85,11,96
52,40,92
80,13,93
11,70,81
74,39,113
29,24,53
4,17,21
5,64,69
64,6,70
81,84,165
6,25,31
99,34,133
14,54,68
45,88,133
71,30,101
50,81,131
47,97,144
99,63,162
66,93,159
92,46,138
52,21,73
73,41,114
93,76,169
81,68,149
6,59,65
18,94,112
14,61,75
24,7,31
34,59,93
8,33,41
9,71,80
85,59,144
80,19,99
98,14,112
65,84,149
35,35,70
95,88,183
99,19,118
44,56,100
45,63,108
72,83,155
88,69,157
18,56,74
19,84,103
11,7,18
12,35,47
59,23,82
63,71,134
18,5,23
69,76,145
36,16,52
74,73,147
70,58,128
78,28,106
58,77,135
11,71,82
29,50,79
28,39,67
90,35,125
10,54,64
5,5,10
23,11,34
87,56,143
79,54,133
34,8,42
44,51,95
100,12,112
77,53,130
46,93,139
96,35,131
3,16,19
27,7,34
62,53,115
7,74,81
35,84,119
6,24,30
58,100,158
28,53,81
59,78,137
69,14,83
60,33,93
45,78,123
45,72,117
80,30,110
62,96,158
42,75,117
58,61,119
50,54,104
46,44,90
15,53,68
2,58,60
76,50,126
50,84,134
98,27,125
5,65,70
48,51,99
34,67,101
60,87,147
21,75,96
61,27,88
32,31,63
92,96,188
16,84,100
45,89,134
30,86,116
74,51,125
77,31,108
55,67,122
38,80,118
13,64,77
72,35,107
47,68,115
78,86,164
54,62,116
66,70,136
68,13,81
14,60,74
96,86,182
71,44,115
73,44,117
95,27,122
59,27,86
17,77,94
78,9,87
33,29,62
56,43,99
46,11,57
57,51,108
20,50,70
38,12,50
26,8,34
31,8,39
68,100,168
12,52,64
31,41,72
20,26,46
52,17,69
22,84,106
16,51,67
75,66,141
21,69,90
79,15,94
7,91,98
70,80,150
47,89,136
2,90,92
5,95,100
33,24,57
69,5,74
32,82,114
77,37,114
62,75,137
55,81,136
59,72,131
87,13,100
78,14,92
51,46,97
66,99,165
96,82,178
98,18,116
71,33,104
43,99,142
66,62,128
92,83,175
47,24,71
81,90,171
55,70,125
64,57,121
39,31,70
62,56,118
12,83,95
27,29,56
83,30,113
92,40,132
36,34,70
8,12,20
19,83,102
39,53,92
67,13,80
35,12,47
82,92,174
25,90,115
17,61,78
64,30,94
97,95,192
47,80,127
40,78,118
38,23,61
88,84,172
63,69,132
28,21,49
17,68,85
6,18,24
59,95,154
3,2,5
87,71,158
30,81,111
43,55,98
66,41,107
19,99,118
63,34,97
29,64,93
44,95,139
42,88,130
77,67,144
81,75,156
83,8,91
47,97,144
83,15,98
11,70,81
54,58,112
61,22,83
42,52,94
92,80,172
81,36,117
75,93,168
30,42,72
5,62,67
41,13,54
13,7,20
1,57,58
62,3,65
69,54,123
58,19,77
75,18,93
68,76,144
95,81,176
85,93,178
67,94,161
71,74,145
78,26,104
77,96,173
15,18,33
39,75,114
20,5,25
19,92,111
64,28,92
61,78,139
61,55,116
39,19,58
29,64,93
64,1,65
89,75,164
5,81,86
24,49,73
8,38,46
9,97,106
6,61,67
23,63,86
68,58,126
73,8,81
94,5,99
7,96,103
75,4,79
40,66,106
32,63,95
34,50,84
66,80,146
79,17,96
96,90,186
57,33,90
98,65,163
29,36,65
28,18,46
20,92,112
72,80,152
1,90,91
88,1,89
26,39,65
75,79,154
100,12,112
65,99,164
86,91,177
70,6,76
33,75,108
68,9,77
73,35,108
57,62,119
43,24,67
3,29,32
30,73,103
69,44,113
48,33,81
79,95,174
31,19,50
21,17,38
47,34,81
3,47,50
54,89,143
23,27,50
59,46,105
44,53,97
79,61,140
70,41,111
52,69,121
34,100,134
13,39,52
77,42,119
19,27,46
75,94,169
48,94,142
33,40,73
2,6,8
95,52,147
47,73,120
24,61,85
42,89,131
70,34,104
85,80,165
11,23,34
86,52,138
36,76,112
81,44,125
48,20,68
16,72,88
24,32,56
96,55,151
46,9,55
43,67,110
88,27,115
73,33,106
48,78,126
86,88,174
97,54,151
93,39,132
93,34,127
17,83,100
60,45,105
12,90,102
100,73,173
36,64,100
19,97,116
74,49,123
77,35,112
55,93,148
48,18,66
13,9,22
41,62,103
47,13,60
7,14,21
87,11,98
53,84,137
90,99,189
70,56,126
8,48,56
46,4,50
74,97,171
53,2,55
13,39,52
86,52,138
90,35,125
87,44,131
98,14,112
88,90,178
59,50,109
26,13,39
56,13,69
85,70,155
15,60,75
28,67,95
40,95,135
87,41,128
23,34,57
24,23,47
49,71,120
67,56,123
38,88,126
91,89,180
75,23,98
100,56,156
17,97,114
61,47,108
50,95,145
36,52,88
90,10,100
19,38,57
46,2,48
53,98,151
5,3,8
85,49,134
17,74,91
21,64,85
80,75,155
60,41,101
7,75,82
70,32,102
97,100,197
72,53,125
44,34,78
91,15,106
54,93,147
57,12,69
94,71,165
7,94,101
85,48,133
81,63,144
2,1,3
5,10,15
69,49,118
2,13,15
88,88,176
15,68,83
67,79,146
97,98,195
7,57,64
70,32,102
97,50,147
45,24,69
52,80,132
33,8,41
88,17,105
96,73,169
34,29,63
72,24,96
62,90,152
68,78,146
26,91,117
12,13,25
69,38,107
79,36,115
32,23,55
100,61,161
55,86,141
32,75,107
70,91,161
22,17,39
56,40,96
27,47,74
55,52,107
89,63,152
5,47,52
55,59,114
76,44,120
76,92,168
7,32,39
28,56,84
4,42,46
97,77,174
57,44,101
2,28,30
55,63,118
8,84,92
64,7,71
12,49,61
40,73,113
58,11,69
25,5,30
70,27,97
26,60,86
8,63,71
67,29,96
62,21,83
97,88,185
22,34,56
91,12,103
2,86,88
17,33,50
73,66,139
85,28,113
71,38,109
87,72,159
42,83,125
92,64,156
8,60,68
16,37,53
80,46,126
98,44,142
52,23,75
14,8,22
81,57,138
5,92,97
96,32,128
19,53,72
83,96,179
24,83,107
75,49,124
56,38,94
33,89,122
43,20,63
66,45,111
66,22,88
73,3,76
58,99,157
70,93,163
74,20,94
8,4,12
41,52,93
29,11,40
37,67,104
20,68,88
27,70,97
4,82,86
66,53,119
63,27,90
74,67,141
99,90,189
44,23,67
32,11,43
52,77,129
88,41,129
80,44,124
96,18,114
31,48,79
10,39,49
70,86,156
71,48,119
92,20,112
64,86,150
59,22,81
77,2,79
83,99,182
92,71,163
72,68,140
53,82,135
11,1,12
5,53,58
48,59,107
80,85,165
35,51,86
63,95,158
72,22,94
19,15,34
38,38,76
52,44,96
53,56,109
26,58,84
51,30,81
9,45,54
65,50,115
62,84,146
1,59,60
8,44,52
1,62,63
66,49,115
32,26,58
87,10,97
53,62,115
48,91,139
41,2,43
52,31,83
88,3,91
54,22,76
73,2,75
15,22,37
63,59,122
70,55,125
67,2,69
76,92,168
59,9,68
80,4,84
86,21,107
7,43,50
26,73,99
62,23,85
79,36,115
53,29,82
42,13,55
18,54,72
81,90,171
24,73,97
50,24,74
47,58,105
33,40,73
78,11,89
3,66,69
97,13,110
8,55,63
31,2,33
60,30,90
21,94,115
14,12,26
1,27,28
96,28,124
90,81,171
92,65,157
44,27,71
68,74,142
32,72,104
64,18,82
40,53,93
90,14,104
66,98,164
73,44,117
18,46,64
35,92,127
43,16,59
50,100,150
15,65,80
89,18,107
9,72,81
97,73,170
26,34,60
62,66,128
49,81,130
73,89,162
81,10,91
55,5,60
36,42,78
20,6,26
84,85,169
10,63,73
19,61,80
43,11,54
7,25,32
48,50,98
71,73,144
83,99,182
34,73,107
28,40,68
89,28,117
12,27,39
75,30,105
54,81,135
55,10,65
31,70,101
40,22,62
31,28,59
49,76,125
6,45,51
17,12,29
60,98,158
8,82,90
9,81,90
19,35,54
83,11,94
97,99,196
70,70,140
46,98,144
16,19,35
47,61,108
30,43,73
81,23,104
52,53,105
16,35,51
45,70,115
55,16,71
10,13,23
59,13,72
75,2,77
65,29,94
10,64,74
64,18,82
97,37,134
9,10,19
9,100,109
16,47,63
17,90,107
21,47,68
12,96,108
30,56,86
61,27,88
65,2,67
61,22,83
11,70,81
35,81,116
61,3,64
26,74,100
27,4,31
8,98,106
84,85,169
88,5,93
75,25,100
90,22,112
100,6,106
13,91,104
35,80,115
30,26,56
34,74,108
100,19,119
99,47,146
68,47,115
85,65,150
52,12,64
87,28,115
15,71,86
21,60,81
15,27,42
29,81,110
85,29,114
10,34,44
44,49,93
9,98,107
75,93,168
51,7,58
8,19,27
50,66,116
80,41,121
54,85,139
5,12,17
24,90,114
38,52,90
69,34,103
7,66,73
53,94,147
34,82,116
84,45,129
88,100,188
63,71,134
39,14,53
66,48,114
100,20,120
71,5,76
71,88,159
74,71,145
66,38,104
48,15,63
12,55,67
79,11,90
50,7,57
28,97,125
63,7,70
72,23,95
93,98,191
82,8,90
98,68,166
9,19,28
63,84,147
80,21,101
86,2,88
67,75,142
62,54,116
55,39,94
42,93,135
72,9,81
71,94,165
78,52,130
44,19,63
63,72,135
100,58,158
16,46,62
56,36,92
70,27,97
35,27,62
3,75,78
24,32,56
75,14,89
71,34,105
80,50,130
97,63,160
61,51,112
94,61,155
76,11,87
10,21,31
3,11,14
64,16,80
40,4,44
71,62,133
37,80,117
6,46,52
7,27,34
48,45,93
86,75,161
12,45,57
14,22,36
91,48,139
56,61,117
13,93,106
46,3,49
9,52,61
59,9,68
83,16,99
15,76,91
69,31,100
57,22,79
14,31,45
11,51,62
21,81,102
40,10,50
62,28,90
57,36,93
5,81,86
31,61,92
98,72,170
51,20,71
76,82,158
11,25,36
70,94,164
7,30,37
55,23,78
22,99,121
20,6,26
77,95,172
14,22,36
39,1,40
91,95,186
83,72,155
70,20,90
87,62,149
74,68,142
65,53,118
71,3,74
59,30,89
31,100,131
73,93,166
17,77,94
36,55,91
17,93,110
89,92,181
84,55,139
70,71,141
99,60,159
99,82,181
94,63,157
100,2,102
4,33,37
23,49,72
24,86,110
70,28,98
66,45,111
23,77,100
30,54,84
71,11,82
54,41,95
21,53,74
46,57,103
31,49,80
12,73,85
25,49,74
43,36,79
19,8,27
92,96,188
29,50,79
100,54,154
45,22,67
22,9,31
58,87,145
99,44,143
60,69,129
50,64,114
83,52,135
77,31,108
13,55,68
35,92,127
98,93,191
15,87,102
32,99,131
70,14,84
88,39,127
81,19,100
71,25,96
80,93,173
9,64,73
81,63,144
98,10,108
3,95,98
53,59,112
81,78,159
72,5,77
19,83,102
73,19,92
73,63,136
49,83,132
17,29,46
92,61,153
9,2,11
39,31,70
50,75,125
67,34,101
18,41,59
85,4,89
20,27,47
39,77,116
88,5,93
11,45,56
76,57,133
6,59,65
39,34,73
28,78,106
47,10,57
71,83,154
65,71,136
84,78,162
44,18,62
59,99,158
95,40,135
32,11,43
97,80,177
85,23,108
32,72,104
44,90,134
33,100,133
75,78,153
59,22,81
50,97,147
37,6,43
35,27,62
80,7,87
69,56,125
72,28,100
38,15,53
79,67,146
90,72,162
8,77,85
74,67,141
70,33,103
73,91,164
6,99,105
56,65,121
31,72,103
86,38,124
83,20,103
100,28,128
43,99,142
18,61,79
1,91,92
29,14,43
55,94,149
14,53,67
33,95,128
86,90,176
6,4,10
50,43,93
32,46,78
73,35,108
30,75,105
15,2,17
63,88,151
90,87,177
27,29,56
31,61,92
96,34,130
31,4,35
17,2,19
35,77,112
71,89,160
49,67,116
70,56,126
36,100,136
84,60,144
52,31,83
18,22,40
27,76,103
40,30,70
25,57,82
20,68,88
61,61,122
10,61,71
41,17,58
25,38,63
10,37,47
6,49,55
60,34,94
3,61,64
67,34,101
86,72,158
86,100,186
28,9,37
67,86,153
80,89,169
26,5,31
15,31,46
19,28,47
94,29,123
12,58,70
65,40,105
31,70,101
72,78,150
4,72,76
79,20,99
55,68,123
90,67,157
26,19,45
62,18,80
6,5,11
95,72,167
59,20,79
84,95,179
2,57,59
50,51,101
80,86,166
24,32,56
51,54,105
31,100,131
81,29,110
80,95,175
56,66,122
82,45,127
79,22,101
56,3,59
6,65,71
84,2,86
49,1,50
69,61,130
4,3,7
12,77,89
84,11,95
65,42,107
100,91,191
86,75,161
81,82,163
54,72,126
63,10,73
42,39,81
69,21,90
21,72,93
79,65,144
39,89,128
6,37,43
57,12,69
50,27,77
82,82,164
18,89,107
78,57,135
48,42,90
39,96,135
25,62,87
66,59,125
4,14,18
6,94,100
76,1,77
96,8,104
61,35,96
60,99,159
13,46,59
50,25,75
78,75,153
31,77,108
94,18,112
11,94,105
58,1,59
97,98,195
15,68,83
75,53,128
51,23,74
57,53,110
66,5,71
36,50,86
69,82,151
62,67,129
77,61,138
24,46,70
8,92,100
83,27,110
96,24,120
82,3,85
48,53,101
57,35,92
99,46,145
7,23,30
31,24,55
39,74,113
67,55,122
67,36,103
14,44,58
43,92,135
42,8,50
88,63,151
82,39,121
59,65,124
30,91,121
70,65,135
71,11,82
31,38,69
90,12,102
46,1,47
50,76,126
73,6,79
33,59,92
38,19,57
54,67,121
79,48,127
31,52,83
40,9,49
23,45,68
61,33,94
28,64,92
39,86,125
43,52,95
87,23,110
70,71,141
78,19,97
4,61,65
65,53,118
36,100,136
21,46,67
54,38,92
97,59,156
36,47,83
56,71,127
61,70,131
22,72,94
51,31,82
75,14,89
3,83,86
30,18,48
1,69,70
9,25,34
25,95,120
23,33,56
28,68,96
9,34,43
96,27,123
72,17,89
88,45,133
12,49,61
58,7,65
95,42,137
50,50,100
55,13,68
48,42,90
88,68,156
63,43,106
96,90,186
91,52,143
69,83,152
64,75,139
74,26,100
65,11,76
77,17,94
25,70,95
92,54,146
51,23,74
52,37,89
28,9,37
14,60,74
98,17,115
57,12,69
94,93,187
28,7,35
19,92,111
7,41,48
20,26,46
99,25,124
45,7,52
22,82,104
68,68,136
74,33,107
89,6,95
22,35,57
52,88,140
93,21,114
11,43,54
6,47,53
26,40,66
45,95,140
53,14,67
5,71,76
13,29,42
44,4,48
8,16,24
45,15,60
14,95,109
86,30,116
72,13,85
35,37,72
81,58,139
34,10,44
80,63,143
71,21,92
73,32,105
60,54,114
3,65,68
29,44,73
71,79,150
94,11,105
32,72,104
71,8,79
86,86,172
32,34,66
83,70,153
69,5,74
70,73,143
7,38,45
17,94,111
54,76,130
85,80,165
90,61,151
82,23,105
57,87,144
47,8,55
56,36,92
92,28,120
4,39,43
38,97,135
96,92,188
17,86,103
81,37,118
27,63,90
3,78,81
29,78,107
89,17,106
79,75,154
91,8,99
68,60,128
56,19,75
13,88,101
88,96,184
11,24,35
11,77,88
60,95,155
78,69,147
9,69,78
15,54,69
42,84,126
2,25,27
21,2,23
9,4,13
23,35,58
50,15,65
65,80,145
52,71,123
88,63,151
99,8,107
3,4,7
21,19,40
70,40,110
88,5,93
26,85,111
94,13,107
42,7,49
62,13,75
79,23,102
68,33,101
45,43,88
41,51,92
85,95,180
8,27,35
64,36,100
19,35,54
46,19,65
80,25,105
53,99,152
88,31,119
46,53,99
20,71,91
80,84,164
93,90,183
14,27,41
30,52,82
48,72,120
89,23,112
13,41,54
16,6,22
70,85,155
65,11,76
33,4,37
98,62,160
33,3,36
33,88,121
40,16,56
71,18,89
7,30,37
39,37,76
24,98,122
35,89,124
24,71,95
25,44,69
47,59,106
16,5,21
66,32,98
53,96,149
57,72,129
91,13,104
85,10,95
54,2,56
9,8,17
44,80,124
61,52,113
100,24,124
59,28,87
66,89,155
40,55,95
41,5,46
30,10,40
100,66,166
72,48,120
85,12,97
8,10,18
27,49,76
17,42,59
4,30,34
30,25,55
16,4,20
25,42,67
27,27,54
52,69,121
42,45,87
77,86,163
77,90,167
78,97,175
65,100,165
22,29,51
1,12,13
8,28,36
16,63,79
3,98,101
20,74,94
21,99,120
50,19,69
28,82,110
30,22,52
11,44,55
17,41,58
53,22,75
85,96,181
91,17,108
75,97,172
7,87,94
37,58,95
33,8,41
40,68,108
95,71,166
33,23,56
18,23,41
96,95,191
86,76,162
37,34,71
9,38,47
39,8,47
74,15,89
74,77,151
63,74,137
42,91,133
62,51,113
77,78,155
45,5,50
100,54,154
46,61,107
80,28,108
70,75,145
55,68,123
87,70,157
29,58,87
74,13,87
33,78,111
57,97,154
29,59,88
45,10,55
91,1,92
47,31,78
25,90,115
16,30,46
4,86,90
50,12,62
47,91,138
34,15,49
71,19,90
34,37,71
14,50,64
67,74,141
62,29,91
42,70,112
18,12,30
64,37,101
8,72,80
81,75,156
25,3,28
1,86,87
1,35,36
62,52,114
25,8,33
85,66,151
99,1,100
65,72,137
48,55,103
5,18,23
13,47,60
14,100,114
58,42,100
30,72,102
61,62,123
86,85,171
77,96,173
10,57,67
16,14,30
44,39,83
67,95,162
40,92,132
48,38,86
18,66,84
84,73,157
46,37,83
78,13,91
81,27,108
64,24,88
88,31,119
84,66,150
23,23,46
2,62,64
8,91,99
71,28,99
53,53,106
37,77,114
96,68,164
39,78,117
49,9,58
77,69,146
12,94,106
37,31,68
1,79,80
1,3,4
7,26,33
30,100,130
62,65,127
77,91,168
16,75,91
96,69,165
2,74,76
43,56,99
29,84,113
67,24,91
10,19,29
56,17,73
98,18,116
48,41,89
80,19,99
28,39,67
6,61,67
89,59,148
19,95,114
3,83,86
13,6,19
32,61,93
92,37,129
64,8,72
27,33,60
81,38,119
88,90,178
16,61,77
76,19,95
31,82,113
7,50,57
24,69,93
84,2,86
94,38,132
60,2,62
53,92,145
2,97,99
62,53,115
12,77,89
58,94,152
46,60,106
90,52,142
29,71,100
45,30,75
32,47,79
51,45,96
99,64,163
92,86,178
47,10,57
20,50,70
12,86,98
62,98,160
16,80,96
40,56,96
95,16,111
54,76,130
92,39,131
15,85,100
26,95,121
43,61,104
52,50,102
27,30,57
40,35,75
88,11,99
2,73,75
28,78,106
8,54,62
20,74,94
27,40,67
12,7,19
52,75,127
77,78,155
12,1,13
74,72,146
84,14,98
28,64,92
46,34,80
17,24,41
12,11,23
35,90,125
75,100,175
4,95,99
68,34,102
6,39,45
56,35,91
85,24,109
84,7,91
11,3,14
46,77,123
76,77,153
14,85,99
57,46,103
41,80,121
2,6,8
72,94,166
42,15,57
76,88,164
31,45,76
55,24,79
19,16,35
3,32,35
18,68,86
96,15,111
85,24,109
91,65,156
99,61,160
53,28,81
98,13,111
64,7,71
32,36,68
59,58,117
13,63,76
72,75,147
65,24,89
65,25,90
55,85,140
36,13,49
22,38,60
52,86,138
28,61,89
96,98,194
17,83,100
56,29,85
58,4,62
46,6,52
67,70,137
59,76,135
11,19,30
53,11,64
89,8,97
67,47,114
63,46,109
4,27,31
67,30,97
97,15,112
58,30,88
16,62,78
17,61,78
46,40,86
80,56,136
84,77,161
14,37,51
44,81,125
61,52,113
6,50,56
4,31,35
84,43,127
87,19,106
31,97,128
4,66,70
53,64,117
74,61,135
15,42,57
78,1,79
26,85,111
85,4,89
53,11,64
97,80,177
32,35,67
45,70,115
14,44,58
10,43,53
30,100,130
6,8,14
47,1,48
75,83,158
64,44,108
99,74,173
76,78,154
17,76,93
90,21,111
37,51,88
45,93,138
37,13,50
4,6,10
60,43,103
40,69,109
31,49,80
96,9,105
62,15,77
57,15,72
13,15,28
8,14,22
84,72,156
35,29,64
59,9,68
22,90,112
85,9,94
30,31,61
3,33,36
88,31,119
44,74,118
27,97,124
25,91,116
53,61,114
89,11,100
23,52,75
13,31,44
81,89,170
26,26,52
65,23,88
31,7,38
12,48,60
90,38,128
46,43,89
84,12,96
13,75,88
37,6,43
48,79,127
51,78,129
60,4,64
34,54,88
32,5,37
55,51,106
72,76,148
82,15,97
24,96,120
40,73,113
75,85,160
84,40,124
89,31,120
87,21,108
66,34,100
58,97,155
32,56,88
39,91,130
82,6,88
95,44,139
68,22,90
66,13,79
100,66,166
41,56,97
45,37,82
36,34,70
25,35,60
33,61,94
46,32,78
69,98,167
19,63,82
56,64,120
85,10,95
47,12,59
71,7,78
34,13,47
4,88,92
47,55,102
25,48,73
28,93,121
76,61,137
52,97,149
92,3,95
81,17,98
68,95,163
70,4,74
39,41,80
81,43,124
92,22,114
59,99,158
92,68,160
91,60,151
55,42,97
95,65,160
46,82,128
43,20,63
50,36,86
17,25,42
27,18,45
10,33,43
71,25,96
55,12,67
21,87,108
28,64,92
5,80,85
52,39,91
41,75,116
26,44,70
14,21,35
73,76,149
57,93,150
50,2,52
52,77,129
14,2,16
2,77,79
98,51,149
22,38,60
21,85,106
89,22,111
3,52,55
46,3,49
57,17,74
11,24,35
73,12,85
45,63,108
43,63,106
93,61,154
9,97,106
93,90,183
29,58,87
1,10,11
67,83,150
14,77,91
58,69,127
62,80,142
96,85,181
11,23,34
98,66,164
99,14,113
47,100,147
74,72,146
11,63,74
21,73,94
91,93,184
99,89,188
41,80,121
43,52,95
65,76,141
4,35,39
94,33,127
42,69,111
8,15,23
55,35,90
45,38,83
8,100,108
32,73,105
10,24,34
21,60,81
38,72,110
59,2,61
94,26,120
5,7,12
65,67,132
66,32,98
39,97,136
59,39,98
44,18,62
65,63,128
83,75,158
81,99,180
98,34,132
27,82,109
56,36,92
51,5,56
40,5,45
3,33,36
64,85,149
35,94,129
39,7,46
100,72,172
50,49,99
95,3,98
32,15,47
19,15,34
42,92,134
11,22,33
22,14,36
89,65,154
66,47,113
11,7,18
41,1,42
65,64,129
47,51,98
47,72,119
91,98,189
32,25,57
97,93,190
69,23,92
70,30,100
11,17,28
38,83,121
18,69,87
27,61,88
74,83,157
77,46,123
39,30,69
59,76,135
77,81,158
20,99,119
50,34,84
46,86,132
64,74,138
58,42,100
7,84,91
83,6,89
45,24,69
49,100,149
81,24,105
69,56,125
39,64,103
70,19,89
1,34,35
76,28,104
28,84,112
83,33,116
64,19,83
41,11,52
2,41,43
45,75,120
15,34,49
97,96,193
35,72,107
40,19,59
31,66,97
82,66,148
46,59,105
35,72,107
77,53,130
12,40,52
96,54,150
91,82,173
48,81,129
88,82,170
51,35,86
52,48,100
82,70,152
54,62,116
22,18,40
75,89,164
30,80,110
36,61,97
16,67,83
23,53,76
94,43,137
47,16,63
66,60,126
83,12,95
25,29,54
44,91,135
85,23,108
14,53,67
15,87,102
21,13,34
48,3,51
13,20,33
41,19,60
73,78,151
63,81,144
84,90,174
5,21,26
72,82,154
35,64,99
48,53,101
13,100,113
30,76,106
41,14,55
50,19,69
3,81,84
75,14,89
61,65,126
56,99,155
48,97,145
14,4,18
65,32,97
37,36,73
5,11,16
42,77,119
56,62,118
28,15,43
94,50,144
44,100,144
1,45,46
30,54,84
13,26,39
92,80,172
70,71,141
49,7,56
76,13,89
62,3,65
96,67,163
34,58,92
42,41,83
55,13,68
45,100,145
10,9,19
12,52,64
65,70,135
29,26,55
73,77,150
40,37,77
26,87,113
70,58,128
28,44,72
9,80,89
14,39,53
53,96,149
61,57,118
78,48,126
60,56,116
89,74,163
21,24,45
92,88,180
26,76,102
75,79,154
25,41,66
44,17,61
68,2,70
28,31,59
31,14,45
7,74,81
79,52,131
29,15,44
10,73,83
34,62,96
78,11,89
28,7,35
38,29,67
52,9,61
37,54,91
41,63,104
13,64,77
1,97,98
5,93,98
23,51,74
96,70,166
30,81,111
42,77,119
100,72,172
88,92,180
78,85,163
52,18,70
83,88,171
28,14,42
41,91,132
2,72,74
73,16,89
33,68,101
17,16,33
31,27,58
51,1,52
53,96,149
26,2,28
52,68,120
10,65,75
38,91,129
59,47,106
61,56,117
5,68,73
29,70,99
70,61,131
52,4,56
91,97,188
21,85,106
79,72,151
74,50,124
53,93,146
26,64,90
42,95,137
12,100,112
5,12,17
4,26,30
59,12,71
82,41,123
23,85,108
24,18,42
29,5,34
93,21,114
49,58,107
32,14,46
38,57,95
13,16,29
22,52,74
12,90,102
24,16,40
17,59,76
3,48,51
26,54,80
77,17,94
23,89,112
25,68,93
73,63,136
69,11,80
81,23,104
67,74,141
92,85,177
2,45,47
95,80,175
26,87,113
75,86,161
75,69,144
63,54,117
9,45,54
76,84,160
87,48,135
8,19,27
8,4,12
69,96,165
15,9,24
79,55,134
38,44,82
37,21,58
77,75,152
69,8,77
7,69,76
16,49,65
41,66,107
30,90,120
16,89,105
92,85,177
36,86,122
66,64,130
92,5,97
65,68,133
85,21,106
73,38,111
29,100,129
95,44,139
64,41,105
66,91,157
95,2,97
32,57,89
41,38,79
68,95,163
98,20,118
6,64,70
28,4,32
4,35,39
63,11,74
69,67,136
76,73,149
43,39,82
37,97,134
95,90,185
43,55,98
6,39,45
95,73,168
64,1,65
79,21,100
88,72,160
40,81,121
17,47,64
74,89,163
98,61,159
22,15,37
28,85,113
16,58,74
56,51,107
24,29,53
60,16,76
38,75,113
39,21,60
31,63,94
61,9,70
90,79,169
60,87,147
35,16,51
36,15,51
66,39,105
34,53,87
56,27,83
43,97,140
12,69,81
1,17,18
74,68,142
67,71,138
43,3,46
95,94,189
5,32,37
80,21,101
13,74,87
79,91,170
45,66,111
27,24,51
31,53,84
41,83,124
14,48,62
57,10,67
84,6,90
40,56,96
41,89,130
28,70,98
39,53,92
71,13,84
43,91,134
81,55,136
1,65,66
74,13,87
32,69,101
82,4,86
92,58,150
99,67,166
98,67,165
61,24,85
20,36,56
74,78,152
1,32,33
30,35,65
65,34,99
87,83,170
80,48,128
77,85,162
55,95,150
55,47,102
14,37,51
89,1,90
54,18,72
40,37,77
14,51,65
90,76,166
40,59,99
21,62,83
15,43,58
92,41,133
51,16,67
21,51,72
55,83,138
67,75,142
78,84,162
41,70,111
61,93,154
25,53,78
57,19,76
13,36,49
72,91,163
61,43,104
4,46,50
47,7,54
65,98,163
23,7,30
55,82,137
89,38,127
13,28,41
4,26,30
73,67,140
67,60,127
78,28,106
81,16,97
80,50,130
94,78,172
58,12,70
11,77,88
8,77,85
32,3,35
33,19,52
52,32,84
100,17,117
56,60,116
54,12,66
76,45,121
93,27,120
10,68,78
10,42,52
30,2,32
38,8,46
53,5,58
55,40,95
46,17,63
21,26,47
79,50,129
7,41,48
91,44,135
93,17,110
72,30,102
43,81,124
34,2,36
15,67,82
70,72,142
54,2,56
6,35,41
12,59,71
100,8,108
73,75,148
11,16,27
11,54,65
15,65,80
21,6,27
5,31,36
8,80,88
67,31,98
85,97,182
98,28,126
15,63,78
83,42,125
14,83,97
59,39,98
2,7,9
97,88,185
41,52,93
39,78,117
88,85,173
24,41,65
33,47,80
100,62,162
23,100,123
41,52,93
36,32,68
18,59,77
41,85,126
86,96,182
31,78,109
29,80,109
1,92,93
9,26,35
65,40,105
71,35,106
59,9,68
44,44,88
80,24,104
58,57,115
48,39,87
70,43,113
70,29,99
95,54,149
70,4,74
3,65,68
34,39,73
7,16,23
58,56,114
81,61,142
42,12,54
24,12,36
27,85,112
41,48,89
37,28,65
55,94,149
41,17,58
76,39,115
21,27,48
50,35,85
36,42,78
74,70,144
55,52,107
67,64,131
36,68,104
26,70,96
98,9,107
18,27,45
90,50,140
51,10,61
38,98,136
9,26,35
10,66,76
42,78,120
99,26,125
55,76,131
19,80,99
10,83,93
5,2,7
97,77,174
22,15,37
3,77,80
36,22,58
83,69,152
53,99,152
91,2,93
59,47,106
1,21,22
30,95,125
52,87,139
19,11,30
67,63,130
14,25,39
14,88,102
38,78,116
21,19,40
76,6,82
53,35,88
60,96,156
46,45,91
22,57,79
70,3,73
65,60,125
36,30,66
75,85,160
84,6,90
29,12,41
92,58,150
87,75,162
17,10,27
61,100,161
65,57,122
95,14,109
93,6,99
64,79,143
47,5,52
52,22,74
54,50,104
40,74,114
52,24,76
45,98,143
84,85,169
35,100,135
12,31,43
48,56,104
25,17,42
15,24,39
17,78,95
70,38,108
42,32,74
69,26,95
33,61,94
76,80,156
79,99,178
41,87,128
41,46,87
70,94,164
48,86,134
73,82,155
46,97,143
14,66,80
4,25,29
40,41,81
61,100,161
20,33,53
83,79,162
76,92,168
83,42,125
53,10,63
32,50,82
38,12,50
95,83,178
19,4,23
85,72,157
36,96,132
13,53,66
36,83,119
68,12,80
40,47,87
83,39,122
100,45,145
51,51,102
23,8,31
9,74,83
13,43,56
76,96,172
89,18,107
35,18,53
45,18,63
61,2,63
64,98,162
20,88,108
19,69,88
57,2,59
59,66,125
6,85,91
95,40,135
96,61,157
22,6,28
8,28,36
64,77,141
51,6,57
77,49,126
49,14,63
26,57,83
88,84,172
26,37,63
86,78,164
92,13,105
97,41,138
84,84,168
12,9,21
47,23,70
30,38,68
83,52,135
94,24,118
11,45,56
17,73,90
24,30,54
25,58,83
10,6,16
76,34,110
91,74,165
33,71,104
33,44,77
2,25,27
70,97,167
70,72,142
5,31,36
17,91,108
29,51,80
5,75,80
84,20,104
99,91,190
33,62,95
76,26,102
94,62,156
19,81,100
7,90,97
18,31,49
31,64,95
30,53,83
92,68,160
33,3,36
25,99,124
37,23,60
74,29,103
15,78,93
84,22,106
22,61,83
94,57,151
64,95,159
23,78,101
63,70,133
18,78,96
55,13,68
10,7,17
88,31,119
72,15,87
52,58,110
91,28,119
53,96,149
89,39,128
26,87,113
53,99,152
63,97,160
31,20,51
83,35,118
5,91,96
33,18,51
68,92,160
38,60,98
25,96,121
98,57,155
51,23,74
95,78,173
25,48,73
1,27,28
93,9,102
10,42,52
7,23,30
23,80,103
4,71,75
86,27,113
19,34,53
24,22,46
5,78,83
46,86,132
51,59,110
39,59,98
3,61,64
53,97,150
61,16,77
71,71,142
6,22,28
94,86,180
52,85,137
80,24,104
38,9,47
16,73,89
58,80,138
19,46,65
47,1,48
61,85,146
17,51,68
55,30,85
55,63,118
90,67,157
3,44,47
25,31,56
3,76,79
67,66,133
95,8,103
11,98,109
28,87,115
81,79,160
46,15,61
66,89,155
16,24,40
5,3,8
79,7,86
82,12,94
66,39,105
29,30,59
21,86,107
23,42,65
58,21,79
14,90,104
21,64,85
49,53,102
58,48,106
82,36,118
72,84,156
96,48,144
5,15,20
24,15,39
52,57,109
23,27,50
2,57,59
76,43,119
7,56,63
18,93,111
37,11,48
9,4,13
19,95,114
72,28,100
100,46,146
67,44,111
16,61,77
96,62,158
12,45,57
12,53,65
66,100,166
1,68,69
57,34,91
59,63,122
76,11,87
85,37,122
93,14,107
1,19,20
44,78,122
87,61,148
9,29,38
66,10,76
2,49,51
19,30,49
42,81,123
50,14,64
85,71,156
73,88,161
45,96,141
35,51,86
26,30,56
62,63,125
20,48,68
57,49,106
79,21,100
50,2,52
91,35,126
68,35,103
80,20,100
84,90,174
34,29,63
11,58,69
85,96,181
34,6,40
81,17,98
95,99,194
20,17,37
3,37,40
40,10,50
66,12,78
94,63,157
25,84,109
38,14,52
74,38,112
67,25,92
93,33,126
79,3,82
36,62,98
86,7,93
35,82,117
75,30,105
17,95,112
23,71,94
12,64,76
75,44,119
43,76,119
94,35,129
26,34,60
97,88,185
15,54,69
57,37,94
57,94,151
87,34,121
53,32,85
75,68,143
42,72,114
45,68,113
19,38,57
62,84,146
38,26,64
48,54,102
12,64,76
73,78,151
13,74,87
10,66,76
31,20,51
13,94,107
6,8,14
77,12,89
88,96,184
86,81,167
94,36,130
31,44,75
84,84,168
8,93,101
63,91,154
35,24,59
18,35,53
41,24,65
13,36,49
43,43,86
5,88,93
76,81,157
59,84,143
50,40,90
89,68,157
66,72,138
18,41,59
17,15,32
70,56,126
51,93,144
70,57,127
82,15,97
53,20,73
76,9,85
70,44,114
78,77,155
57,34,91
96,14,110
42,96,138
83,44,127
92,44,136
87,8,95
50,84,134
15,88,103
92,8,100
81,7,88
36,35,71
22,20,42
35,25,60
24,48,72
56,33,89
60,51,111
8,64,72
10,59,69
21,29,50
49,53,102
61,14,75
100,68,168
73,18,91
54,84,138
51,93,144
54,14,68
26,1,27
14,78,92
12,41,53
88,11,99
28,2,30
55,82,137
67,90,157
99,78,177
17,70,87
84,97,181
81,64,145
11,36,47
75,16,91
27,50,77
98,89,187
10,39,49
92,33,125
17,41,58
79,9,88
21,28,49
13,98,111
9,92,101
65,48,113
66,66,132
76,64,140
68,100,168
88,47,135
87,94,181
30,56,86
59,67,126
52,75,127
90,99,189
13,9,22
48,95,143
90,48,138
11,82,93
87,40,127
75,49,124
79,34,113
67,77,144
76,38,114
86,19,105
18,38,56
16,65,81
39,76,115
96,41,137
12,98,110
11,11,22
93,70,163
10,95,105
18,34,52
87,63,150
11,69,80
37,89,126
87,12,99
56,66,122
89,76,165
64,14,78
97,29,126
37,28,65
14,30,44
51,44,95
46,98,144
20,100,120
68,85,153
92,26,118
85,49,134
13,49,62
98,84,182
59,91,150
91,20,111
44,55,99
62,48,110
33,18,51
47,85,132
23,10,33
49,4,53
55,90,145
61,70,131
50,88,138
5,76,81
83,33,116
8,61,69
88,82,170
20,87,107
98,43,141
28,3,31
63,60,123
27,90,117
43,22,65
93,83,176
9,1,10
61,41,102
81,32,113
5,69,74
82,98,180
16,14,30
62,19,81
4,8,12
41,39,80
29,47,76
7,62,69
49,44,93
56,72,128
62,21,83
1,67,68
83,70,153
89,87,176
70,25,95
21,93,114
67,59,126
89,79,168
48,10,58
65,60,125
29,75,104
38,36,74
40,50,90
36,2,38
11,83,94
93,95,188
29,74,103
14,48,62
47,98,145
42,57,99
29,86,115
68,67,135
40,11,51
29,78,107
39,70,109
97,2,99
93,72,165
41,27,68
92,25,117
59,3,62
42,81,123
65,23,88
35,99,134
64,40,104
82,71,153
70,28,98
65,24,89
4,21,25
43,48,91
88,19,107
45,4,49
32,69,101
41,4,45
16,7,23
19,46,65
28,15,43
36,77,113
75,19,94
39,78,117
35,2,37
19,11,30
8,70,78
86,37,123
48,42,90
13,35,48
79,61,140
4,71,75
59,89,148
84,13,97
15,43,58
75,46,121
100,76,176
19,31,50
86,2,88
53,4,57
24,60,84
20,28,48
55,81,136
42,23,65
33,53,86
75,41,116
79,15,94
18,26,44
14,5,19
100,34,134
31,23,54
77,29,106
10,26,36
81,23,104
20,100,120
1,24,25
62,18,80
97,57,154
60,73,133
18,20,38
27,97,124
98,5,103
20,93,113
17,50,67
33,54,87
4,54,58
65,58,123
41,57,98
39,50,89
52,36,88
61,46,107
7,30,37
4,90,94
95,60,155
52,41,93
66,56,122
64,9,73
50,96,146
7,89,96
38,77,115
45,66,111
46,61,107
47,57,104
99,57,156
6,8,14
5,79,84
65,65,130
47,77,124
32,14,46
100,91,191
12,58,70
21,31,52
60,22,82
2,66,68
88,91,179
37,51,88
62,94,156
5,60,65
19,32,51
98,70,168
15,67,82
70,79,149
39,30,69
13,72,85
97,14,111
19,24,43
36,71,107
72,2,74
83,20,103
48,67,115
44,39,83
31,39,70
65,69,134
28,61,89
84,45,129
23,63,86
10,33,43
92,58,150
96,21,117
92,42,134
67,62,129
71,93,164
89,90,179
52,75,127
59,1,60
43,36,79
69,93,162
44,29,73
62,10,72
10,13,23
69,62,131
52,1,53
51,37,88
42,15,57
94,22,116
22,1,23
34,89,123
98,8,106
61,72,133
49,36,85
79,28,107
28,79,107
98,8,106
45,67,112
32,38,70
54,70,124
51,57,108
57,69,126
25,69,94
77,8,85
44,65,109
82,66,148
26,12,38
46,94,140
73,94,167
63,9,72
59,13,72
92,28,120
29,18,47
20,55,75
26,77,103
22,80,102
15,39,54
54,85,139
3,89,92
57,91,148
8,73,81
90,95,185
86,91,177
71,38,109
11,54,65
35,56,91
76,58,134
17,77,94
51,72,123
69,87,156
2,86,88
80,79,159
42,86,128
61,92,153
4,90,94
99,36,135
41,29,70
64,16,80
66,2,68
75,26,101
43,52,95
62,61,123
53,96,149
42,49,91
12,20,32
33,8,41
1,66,67
40,29,69
52,94,146
22,32,54
53,1,54
50,86,136
33,6,39
18,50,68
72,31,103
34,13,47
90,43,133
5,93,98
83,92,175
6,6,12
37,40,77
81,17,98
43,82,125
84,77,161
63,87,150
94,38,132
52,1,53
77,90,167
34,29,63
87,85,172
13,64,77
59,44,103
96,89,185
80,68,148
100,2,102
22,22,44
40,5,45
72,99,171
88,10,98
55,39,94
48,62,110
69,5,74
22,24,46
22,6,28
63,31,94
83,63,146
93,41,134
34,57,91
72,57,129
55,29,84
8,80,88
1,31,32
53,57,110
95,27,122
6,20,26
9,63,72
55,43,98
81,94,175
83,75,158
2,32,34
91,28,119
73,66,139
61,87,148
69,85,154
45,50,95
88,68,156
64,26,90
96,96,192
82,73,155
23,87,110
24,2,26
4,82,86
20,69,89
45,18,63
16,43,59
4,31,35
92,13,105
71,95,166
21,67,88
67,64,131
2,22,24
91,8,99
69,76,145
93,24,117
50,24,74
48,63,111
35,64,99
93,64,157
69,73,142
59,14,73
43,6,49
76,72,148
10,5,15
35,37,72
6,17,23
13,98,111
88,22,110
95,62,157
23,33,56
45,25,70
60,94,154
83,22,105
19,56,75
67,3,70
65,35,100
1,9,10
32,22,54
88,87,175
29,15,44
52,6,58
75,92,167
39,1,40
7,40,47
99,76,175
98,20,118
53,65,118
51,38,89
33,25,58
6,91,97
89,36,125
41,40,81
25,80,105
66,62,128
89,86,175
40,72,112
45,30,75
1,12,13
4,45,49
96,30,126
30,34,64
94,21,115
81,48,129
84,8,92
70,32,102
38,28,66
30,10,40
51,39,90
84,68,152
33,51,84
29,13,42
70,77,147
93,1,94
91,89,180
25,63,88
11,83,94
46,19,65
19,54,73
90,31,121
5,51,56
17,88,105
43,59,102
16,14,30
5,56,61
76,74,150
86,13,99
20,67,87
40,74,114
35,56,91
6,8,14
91,10,101
40,1,41
49,60,109
49,26,75
72,33,105
61,27,88
27,23,50
48,53,101
12,64,76
76,96,172
42,11,53
27,66,93
84,75,159
62,42,104
1,19,20
81,77,158
93,75,168
61,21,82
38,99,137
61,21,82
19,42,61
87,60,147
81,61,142
75,34,109
77,30,107
21,23,44
50,40,90
71,47,118
36,36,72
79,24,103
5,34,39
20,32,52
2,3,5
35,45,80
19,39,58
40,75,115
1,72,73
29,37,66
30,40,70
74,8,82
69,35,104
73,87,160
55,52,107
71,92,163
37,8,45
23,20,43
90,16,106
16,5,21
71,17,88
6,75,81
26,48,74
67,59,126
14,21,35
47,64,111
57,96,153
36,60,96
58,95,153
11,63,74
92,15,107
85,92,177
38,79,117
20,3,23
31,22,53
99,76,175
63,93,156
29,58,87
95,43,138
19,84,103
17,67,84
20,55,75
94,33,127
96,69,165
97,14,111
87,29,116
44,15,59
81,17,98
60,85,145
6,38,44
35,68,103
19,100,119
24,21,45
5,25,30
5,35,40
66,33,99
20,62,82
55,81,136
40,41,81
92,88,180
77,70,147
76,46,122
30,47,77
38,90,128
5,54,59
91,96,187
20,92,112
15,65,80
89,54,143
14,64,78
100,77,177
73,98,171
5,89,94
8,66,74
26,36,62
42,48,90
61,49,110
47,21,68
93,26,119
54,25,79
42,54,96
63,68,131
1,26,27
83,23,106
9,74,83
80,36,116
60,33,93
95,61,156
33,99,132
1,54,55
5,79,84
84,35,119
99,15,114
38,69,107
11,90,101
30,26,56
69,37,106
78,10,88
57,66,123
26,30,56
5,97,102
100,35,135
36,45,81
5,81,86
51,11,62
14,45,59
47,59,106
70,80,150
77,74,151
53,4,57
61,48,109
88,64,152
20,26,46
14,46,60
99,42,141
74,7,81
27,83,110
45,14,59
63,69,132
15,16,31
40,78,118
11,86,97
94,92,186
68,14,82
26,58,84
23,85,108
70,66,136
61,83,144
86,53,139
68,60,128
74,22,96
71,18,89
86,74,160
22,96,118
8,6,14
40,19,59
30,89,119
55,78,133
75,22,97
26,51,77
57,13,70
83,64,147
82,48,130
51,19,70
44,9,53
87,54,141
24,51,75
90,75,165
49,63,112
40,62,102
55,59,114
98,81,179
23,62,85
2,96,98
18,21,39
62,100,162
52,88,140
78,57,135
55,57,112
66,15,81
98,7,105
16,78,94
5,8,13
14,42,56
1,63,64
74,82,156
17,74,91
98,52,150
93,96,189
44,16,60
51,71,122
25,67,92
70,47,117
22,43,65
59,3,62
79,60,139
5,48,53
50,16,66
31,1,32
32,71,103
91,43,134
59,41,100
3,13,16
58,99,157
42,70,112
61,12,73
40,54,94
39,18,57
33,28,61
72,62,134
65,64,129
8,53,61
36,82,118
10,42,52
63,22,85
33,12,45
82,22,104
47,1,48
46,58,104
45,30,75
57,46,103
72,5,77
52,80,132
97,14,111
75,75,150
95,86,181
56,38,94
16,100,116
55,96,151
68,52,120
57,83,140
17,40,57
41,80,121
33,20,53
1,46,47
3,59,62
50,30,80
7,62,69
96,52,148
22,91,113
12,20,32
78,1,79
35,7,42
91,88,179
34,49,83
49,9,58
77,1,78
55,99,154
97,99,196
64,86,150
55,38,93
50,98,148
9,33,42
44,59,103
57,2,59
17,31,48
96,43,139
58,4,62
91,24,115
40,61,101
1,68,69
93,94,187
78,70,148
38,37,75
82,76,158
74,5,79
36,34,70
21,73,94
90,17,107
16,53,69
55,71,126
47,68,115
1,11,12
22,24,46
7,37,44
83,53,136
33,64,97
52,79,131
32,90,122
26,36,62
21,97,118
74,1,75
67,89,156
7,13,20
17,74,91
25,91,116
2,2,4
71,82,153
33,36,69
86,62,148
36,43,79
91,99,190
16,80,96
52,24,76
60,65,125
53,53,106
49,85,134
41,84,125
67,59,126
90,31,121
27,17,44
32,26,58
43,45,88
61,36,97
49,79,128
45,94,139
80,97,177
27,28,55
76,37,113
29,12,41
61,35,96
84,10,94
86,87,173
62,39,101
41,33,74
36,76,112
15,98,113
70,20,90
90,27,117
30,31,61
21,20,41
15,18,33
61,76,137
4,98,102
70,30,100
15,2,17
77,37,114
70,45,115
27,88,115
1,19,20
73,19,92
59,12,71
70,3,73
53,91,144
68,8,76
56,91,147
65,77,142
60,48,108
49,76,125
80,90,170
7,34,41
59,85,144
3,9,12
72,75,147
85,83,168
8,85,93
84,56,140
11,7,18
71,56,127
83,80,163
66,39,105
31,57,88
33,69,102
76,90,166
42,82,124
91,2,93
85,86,171
63,24,87
18,80,98
58,49,107
77,20,97
99,24,123
50,34,84
61,46,107
48,27,75
18,43,61
76,83,159
34,52,86
50,47,97
3,6,9
41,59,100
59,66,125
52,51,103
64,41,105
3,6,9
58,97,155
26,84,110
82,41,123
82,5,87
26,34,60
84,2,86
24,89,113
46,76,122
5,15,20
58,33,91
1,89,90
54,34,88
36,47,83
48,100,148
58,65,123
56,56,112
27,14,41
8,11,19
6,92,98
34,8,42
48,57,105
34,62,96
63,2,65
35,95,130
57,47,104
12,94,106
17,41,58
63,90,153
63,28,91
90,12,102
14,59,73
34,46,80
18,90,108
20,45,65
27,20,47
30,48,78
40,85,125
33,18,51
21,61,82
42,31,73
58,97,155
83,85,168
30,39,69
48,60,108
18,24,42
69,5,74
11,85,96
23,87,110
71,82,153
24,7,31
15,83,98
48,27,75
15,81,96
84,9,93
20,47,67
18,52,70
79,16,95
67,97,164
69,10,79
65,67,132
92,14,106
9,25,34
73,58,131
80,42,122
99,4,103
89,93,182
46,53,99
42,78,120
49,31,80
44,81,125
76,13,89
42,84,126
30,62,92
76,61,137
53,51,104
78,39,117
25,88,113
97,36,133
75,25,100
12,89,101
53,20,73
18,73,91
41,91,132
47,17,64
33,39,72
90,36,126
69,17,86
13,62,75
69,42,111
58,14,72
1,3,4
79,21,100
5,15,20
28,10,38
16,87,103
59,23,82
68,93,161
16,13,29
27,94,121
3,18,21
81,62,143
8,89,97
94,3,97
72,43,115
52,44,96
11,10,21
16,65,81
36,90,126
86,4,90
58,61,119
7,76,83
93,82,175
45,88,133
41,45,86
43,47,90
63,67,130
66,61,127
50,69,119
33,73,106
87,92,179
33,11,44
17,72,89
45,32,77
12,75,87
46,100,146
39,52,91
10,13,23
56,69,125
97,7,104
89,59,148
60,4,64
82,81,163
30,99,129
81,18,99
89,35,124
68,97,165
87,85,172
97,86,183
84,52,136
87,45,132
63,100,163
92,62,154
99,26,125
11,31,42
70,51,121
40,28,68
68,6,74
56,93,149
17,73,90
48,53,101
76,4,80
75,100,175
2,61,63
17,6,23
9,18,27
92,76,168
48,61,109
48,1,49
65,78,143
77,60,137
23,41,64
59,33,92
73,95,168
12,32,44
5,63,68
54,61,115
32,100,132
91,59,150
85,3,88
22,63,85
28,72,100
88,75,163
22,24,46
10,13,23
98,8,106
50,11,61
1,1,2
15,1,16
1,73,74
34,49,83
8,30,38
36,29,65
21,49,70
46,60,106
34,17,51
73,10,83
51,62,113
39,66,105
50,44,94
54,17,71
28,81,109
83,62,145
86,32,118
60,43,103
13,65,78
14,33,47
33,41,74
34,23,57
73,7,80
53,43,96
4,92,96
10,52,62
47,73,120
47,35,82
43,10,53
38,23,61
56,84,140
39,55,94
78,73,151
95,25,120
70,31,101
69,36,105
32,2,34
54,36,90
82,22,104
45,53,98
52,46,98
93,60,153
56,23,79
82,85,167
49,63,112
94,65,159
15,1,16
44,34,78
51,6,57
8,58,66
12,10,22
52,25,77
65,9,74
37,18,55
27,20,47
88,25,113
56,64,120
99,32,131
75,83,158
29,34,63
24,90,114
45,81,126
27,75,102
86,16,102
31,1,32
86,27,113
67,66,133
21,97,118
17,60,77
59,75,134
54,100,154
29,5,34
10,29,39
68,55,123
85,46,131
45,80,125
4,7,11
79,4,83
25,43,68
83,68,151
65,16,81
38,93,131
56,71,127
35,55,90
82,31,113
20,27,47
31,68,99
65,88,153
75,65,140
9,51,60
9,9,18
57,1,58
50,60,110
72,73,145
78,69,147
10,88,98
76,89,165
17,58,75
77,85,162
5,71,76
49,29,78
92,73,165
30,42,72
16,36,52
33,40,73
72,30,102
94,77,171
93,33,126
50,66,116
100,62,162
5,16,21
100,75,175
28,76,104
83,74,157
1,11,12
10,49,59
7,96,103
45,72,117
54,13,67
74,6,80
56,42,98
44,78,122
69,11,80
74,45,119
46,88,134
88,92,180
79,84,163
37,68,105
32,70,102
85,49,134
25,93,118
29,94,123
23,27,50
42,38,80
40,90,130
91,46,137
41,84,125
64,79,143
4,19,23
90,19,109
31,68,99
89,19,108
73,43,116
98,2,100
21,3,24
34,31,65
90,83,173
77,33,110
32,82,114
12,15,27
75,63,138
95,90,185
50,80,130
86,41,127
45,4,49
68,70,138
24,47,71
93,85,178
74,9,83
51,43,94
10,31,41
1,8,9
25,86,111
31,85,116
59,51,110
58,37,95
15,88,103
21,90,111
64,62,126
70,56,126
57,54,111
72,16,88
48,49,97
22,39,61
11,96,107
99,4,103
43,54,97
43,48,91
37,18,55
100,89,189
79,88,167
27,29,56
65,9,74
3,28,31
1,21,22
73,100,173
4,14,18
31,52,83
20,59,79
86,75,161
18,64,82
3,64,67
21,54,75
99,57,156
1,100,101
64,50,114
23,76,99
79,84,163
88,35,123
37,69,106
64,68,132
2,82,84
79,71,150
23,60,83
49,21,70
39,53,92
56,2,58
91,6,97
59,10,69
75,97,172
77,39,116
81,96,177
33,94,127
20,41,61
91,41,132
5,5,10
99,26,125
41,37,78
43,61,104
45,51,96
47,28,75
31,77,108
29,76,105
60,30,90
85,35,120
53,1,54
80,89,169
45,62,107
85,42,127
2,59,61
11,28,39
26,75,101
13,65,78
6,44,50
73,40,113
82,88,170
23,81,104
59,54,113
42,29,71
29,4,33
66,74,140
61,51,112
62,54,116
76,85,161
91,70,161
45,72,117
74,6,80
21,57,78
63,44,107
17,5,22
27,53,80
24,100,124
21,72,93
60,76,136
1,14,15
52,84,136
9,95,104
95,3,98
38,89,127
20,81,101
95,74,169
85,51,136
57,93,150
83,82,165
45,47,92
45,56,101
37,32,69
51,42,93
38,22,60
61,92,153
13,64,77
35,56,91
46,50,96
25,36,61
75,89,164
70,95,165
94,71,165
69,99,168
17,90,107
8,99,107
79,56,135
92,15,107
16,63,79
28,54,82
22,89,111
17,56,73
17,67,84
52,77,129
74,33,107
50,99,149
26,50,76
35,52,87
52,40,92
77,65,142
1,62,63
50,2,52
100,94,194
63,41,104
90,9,99
98,3,101
38,90,128
96,94,190
62,12,74
40,64,104
23,11,34
93,51,144
87,13,100
53,100,153
84,68,152
33,99,132
88,66,154
13,25,38
86,66,152
19,68,87
55,16,71
11,7,18
67,51,118
18,84,102
14,24,38
32,50,82
51,79,130
83,74,157
99,41,140
19,88,107
5,100,105
19,45,64
76,3,79
87,85,172
89,74,163
77,61,138
45,56,101
31,42,73
62,50,112
6,25,31
35,77,112
98,84,182
52,14,66
63,42,105
88,14,102
39,88,127
48,77,125
67,78,145
75,99,174
23,74,97
38,97,135
79,72,151
1,95,96
62,59,121
18,29,47
24,23,47
71,50,121
42,43,85
46,24,70
53,55,108
8,39,47
89,1,90
26,84,110
39,97,136
34,50,84
86,61,147
91,37,128
70,97,167
91,76,167
97,67,164
31,97,128
58,89,147
11,12,23
27,20,47
85,11,96
9,34,43
42,48,90
27,5,32
75,27,102
87,66,153
22,83,105
41,67,108
81,37,118
100,75,175
4,74,78
26,84,110
93,39,132
47,37,84
2,8,10
98,88,186
83,41,124
9,97,106
90,8,98
66,88,154
60,32,92
84,16,100
19,13,32
17,58,75
2,2,4
3,55,58
37,19,56
26,73,99
19,97,116
51,9,60
32,96,128
84,52,136
85,92,177
49,20,69
53,21,74
34,16,50
42,15,57
13,11,24
58,46,104
29,52,81
75,89,164
48,56,104
73,26,99
99,21,120
25,72,97
28,80,108
81,8,89
40,97,137
93,40,133
39,52,91
38,34,72
72,68,140
29,33,62
30,68,98
76,48,124
100,92,192
97,21,118
40,92,132
89,70,159
71,68,139
99,75,174
64,43,107
77,59,136
70,43,113
9,20,29
96,5,101
74,17,91
13,90,103
6,89,95
66,74,140
41,18,59
89,90,179
70,26,96
17,39,56
6,69,75
95,56,151
36,36,72
98,87,185
58,49,107
27,26,53
70,99,169
95,12,107
9,13,22
85,44,129
24,48,72
32,34,66
6,82,88
33,33,66
30,61,91
97,19,116
93,69,162
20,20,40
60,11,71
28,95,123
100,30,130
20,98,118
53,68,121
37,94,131
81,75,156
86,40,126
10,57,67
24,35,59
70,59,129
87,41,128
53,63,116
52,52,104
61,67,128
39,83,122
1,97,98
6,36,42
12,72,84
42,60,102
26,36,62
25,99,124
23,64,87
92,24,116
81,70,151
71,63,134
78,85,163
33,6,39
72,49,121
1,75,76
59,13,72
87,94,181
33,97,130
57,31,88
80,70,150
68,60,128
95,77,172
9,48,57
51,14,65
80,27,107
34,89,123
100,8,108
26,19,45
89,35,124
66,20,86
53,87,140
71,75,146
16,69,85
9,6,15
66,2,68
58,14,72
47,75,122
14,74,88
93,35,128
34,61,95
20,53,73
81,37,118
24,8,32
11,95,106
49,51,100
75,58,133
72,9,81
3,1,4
36,93,129
5,48,53
89,27,116
4,10,14
85,11,96
89,61,150
61,26,87
56,65,121
8,96,104
43,47,90
83,15,98
46,71,117
11,43,54
30,9,39
93,81,174
35,5,40
64,11,75
7,36,43
43,71,114
84,16,100
58,57,115
64,62,126
29,68,97
82,79,161
57,39,96
22,3,25
76,83,159
51,68,119
2,76,78
66,24,90
68,61,129
25,26,51
86,69,155
84,95,179
10,29,39
75,26,101
93,47,140
59,3,62
75,91,166
99,14,113
87,100,187
79,94,173
17,43,60
72,94,166
63,58,121
37,43,80
58,30,88
19,52,71
60,59,119
16,83,99
87,96,183
78,26,104
93,39,132
97,99,196
93,17,110
65,68,133
12,1,13
72,62,134
59,13,72
73,17,90
63,93,156
54,45,99
87,26,113
89,19,108
13,38,51
3,69,72
20,50,70
29,61,90
81,79,160
73,98,171
53,1,54
56,99,155
8,85,93
20,60,80
84,55,139
86,76,162
71,25,96
76,69,145
73,50,123
68,9,77
95,32,127
10,89,99
54,53,107
12,99,111
44,54,98
90,3,93
27,33,60
14,88,102
28,84,112
14,54,68
69,14,83
31,69,100
74,74,148
92,67,159
49,25,74
21,37,58
6,33,39
89,14,103
76,3,79
85,95,180
6,78,84
43,81,124
1,9,10
54,19,73
15,55,70
58,29,87
50,34,84
69,22,91
97,37,134
51,14,65
40,10,50
58,34,92
57,51,108
72,95,167
95,49,144
17,46,63
32,45,77
86,11,97
95,45,140
25,23,48
9,11,20
68,44,112
83,25,108
6,37,43
24,84,108
15,4,19
1,44,45
74,77,151
49,34,83
47,52,99
50,91,141
34,94,128
4,91,95
86,19,105
6,94,100
93,31,124
89,78,167
94,2,96
33,35,68
51,93,144
15,60,75
55,67,122
25,41,66
25,78,103
15,37,52
95,3,98
12,83,95
6,66,72
63,87,150
46,59,105
75,84,159
75,29,104
72,69,141
15,58,73
11,56,67
39,20,59
68,22,90
97,89,186
67,97,164
44,70,114
36,2,38
63,61,124
57,96,153
15,87,102
88,24,112
78,14,92
31,76,107
89,31,120
93,13,106
31,39,70
82,68,150
38,66,104
25,71,96
63,51,114
15,51,66
27,74,101
6,51,57
59,74,133
62,20,82
56,60,116
90,30,120
40,18,58
12,17,29
75,86,161
31,66,97
38,32,70
62,67,129
33,94,127
49,77,126
84,43,127
1,26,27
48,22,70
1,97,98
20,52,72
97,21,118
2,67,69
69,83,152
78,91,169
74,23,97
65,92,157
91,38,129
9,23,32
26,73,99
50,71,121
96,62,158
46,34,80
37,5,42
73,89,162
87,52,139
67,50,117
51,3,54
15,10,25
73,78,151
66,23,89
83,2,85
14,76,90
18,23,41
73,85,158
48,14,62
50,25,75
96,72,168
32,44,76
23,40,63
64,95,159
43,78,121
49,28,77
73,69,142
83,11,94
92,41,133
56,12,68
83,34,117
5,87,92
54,6,60
48,66,114
45,76,121
62,14,76
45,3,48
75,39,114
19,35,54
96,23,119
14,36,50
32,3,35
30,1,31
90,15,105
24,51,75
34,63,97
23,60,83
24,64,88
24,34,58
59,2,61
78,95,173
24,87,111
24,20,44
67,81,148
59,2,61
75,24,99
79,95,174
78,41,119
95,60,155
80,42,122
31,34,65
45,87,132
92,42,134
45,39,84
69,51,120
19,43,62
55,94,149
35,70,105
88,15,103
1,91,92
68,22,90
39,87,126
32,12,44
93,16,109
13,95,108
15,99,114
67,63,130
61,87,148
84,67,151
57,41,98
94,14,108
31,39,70
52,14,66
78,17,95
9,82,91
34,82,116
79,77,156
17,79,96
87,80,167
75,88,163
91,83,174
40,68,108
39,38,77
31,70,101
34,19,53
62,30,92
100,18,118
65,1,66
57,74,131
34,47,81
39,84,123
45,26,71
81,40,121
51,18,69
53,17,70
88,85,173
32,59,91
79,90,169
70,2,72
83,22,105
39,85,124
100,57,157
1,12,13
85,54,139
38,60,98
6,11,17
71,80,151
16,58,74
48,89,137
89,81,170
80,75,155
58,38,96
41,76,117
6,69,75
20,66,86
26,43,69
22,71,93
82,88,170
76,29,105
48,65,113
16,80,96
2,14,16
91,31,122
35,6,41
23,20,43
57,4,61
76,15,91
98,60,158
76,15,91
70,26,96
17,20,37
60,32,92
8,16,24
98,91,189
92,53,145
11,64,75
28,42,70
92,94,186
19,81,100
11,69,80
42,44,86
29,47,76
18,47,65
76,15,91
51,20,71
80,50,130
64,20,84
3,98,101
20,57,77
98,82,180
27,60,87
47,80,127
92,40,132
6,70,76
96,46,142
66,44,110
79,29,108
81,26,107
42,49,91
64,88,152
37,80,117
33,45,78
73,80,153
25,8,33
90,24,114
18,5,23
23,63,86
41,50,91
85,37,122
59,75,134
62,23,85
78,89,167
66,2,68
73,23,96
35,6,41
76,30,106
86,45,131
56,92,148
80,82,162
63,32,95
97,44,141
70,5,75
98,68,166
96,45,141
90,72,162
59,73,132
75,24,99
21,54,75
19,31,50
99,63,162
36,26,62
59,65,124
48,47,95
80,20,100
95,31,126
62,53,115
35,66,101
56,57,113
95,53,148
60,35,95
36,31,67
36,10,46
6,69,75
73,66,139
32,59,91
8,95,103
23,77,100
58,5,63
73,30,103
14,95,109
24,41,65
42,46,88
70,64,134
45,90,135
47,70,117
56,73,129
68,73,141
57,60,117
90,40,130
49,47,96
30,73,103
89,7,96
58,70,128
76,64,140
48,35,83
26,32,58
94,89,183
41,93,134
89,15,104
52,78,130
14,44,58
35,19,54
37,69,106
8,43,51
37,44,81
71,29,100
51,19,70
7,48,55
19,51,70
39,6,45
53,18,71
62,86,148
43,19,62
62,46,108
91,48,139
84,11,95
79,99,178
13,85,98
42,31,73
2,66,68
70,61,131
13,18,31
52,43,95
15,92,107
3,15,18
30,52,82
15,4,19
47,3,50
59,16,75
8,53,61
58,88,146
100,52,152
95,34,129
4,88,92
58,4,62
95,11,106
88,6,94
33,77,110
91,66,157
72,61,133
43,78,121
16,58,74
97,47,144
49,45,94
28,69,97
96,27,123
65,100,165
29,83,112
68,43,111
48,34,82
58,36,94
14,6,20
19,11,30
52,86,138
44,63,107
30,19,49
59,65,124
66,49,115
5,11,16
93,67,160
20,1,21
71,15,86
14,81,95
24,39,63
23,45,68
58,25,83
81,57,138
32,57,89
41,1,42
16,25,41
90,97,187
79,70,149
52,6,58
70,70,140
42,32,74
70,92,162
17,90,107
61,22,83
10,79,89
93,49,142
65,68,133
72,17,89
6,100,106
48,45,93
46,96,142
52,98,150
1,91,92
3,15,18
91,17,108
70,93,163
100,3,103
90,67,157
51,15,66
29,41,70
83,62,145
53,45,98
14,11,25
74,63,137
46,83,129
70,59,129
47,10,57
94,1,95
72,61,133
92,58,150
93,71,164
17,33,50
6,56,62
9,19,28
66,10,76
13,54,67
72,4,76
95,76,171
39,29,68
84,19,103
44,90,134
84,15,99
76,48,124
63,24,87
92,87,179
37,8,45
6,31,37
12,12,24
5,56,61
54,35,89
2,25,27
36,25,61
98,52,150
68,72,140
18,73,91
21,51,72
1,51,52
27,20,47
1,98,99
24,53,77
5,18,23
66,78,144
94,55,149
100,39,139
79,87,166
43,5,48
35,71,106
44,68,112
66,26,92
41,92,133
34,77,111
89,82,171
45,96,141
6,2,8
44,8,52
27,80,107
52,96,148
100,29,129
69,64,133
64,49,113
71,91,162
24,15,39
55,45,100
100,53,153
27,19,46
13,79,92
52,55,107
96,52,148
86,61,147
3,2,5
65,55,120
72,82,154
29,15,44
49,81,130
69,68,137
43,31,74
21,48,69
16,55,71
99,9,108
62,65,127
25,52,77
9,95,104
38,47,85
3,31,34
4,6,10
25,65,90
41,47,88
97,68,165
52,71,123
28,88,116
16,85,101
26,15,41
6,57,63
89,60,149
32,74,106
26,75,101
6,60,66
96,76,172
99,94,193
66,50,116
23,81,104
66,79,145
18,3,21
49,38,87
54,25,79
99,89,188
49,50,99
66,12,78
96,85,181
91,50,141
98,77,175
92,6,98
22,66,88
16,36,52
65,55,120
64,48,112
92,88,180
75,100,175
10,60,70
6,23,29
73,85,158
83,94,177
66,2,68
89,55,144
88,67,155
10,34,44
34,88,122
90,95,185
33,76,109
38,22,60
71,19,90
73,80,153
81,13,94
53,64,117
34,59,93
29,96,125
93,97,190
96,76,172
17,45,62
6,55,61
32,51,83
8,36,44
31,7,38
30,35,65
84,39,123
23,83,106
3,28,31
25,28,53
45,58,103
82,67,149
57,86,143
42,51,93
40,97,137
85,9,94
94,47,141
84,83,167
76,41,117
84,99,183
88,59,147
75,48,123
79,7,86
16,65,81
1,79,80
7,94,101
1,77,78
18,65,83
42,95,137
38,60,98
44,56,100
9,41,50
50,47,97
35,56,91
74,93,167
67,10,77
94,73,167
54,36,90
40,81,121
71,30,101
38,39,77
50,2,52
55,78,133
59,27,86
70,7,77
2,84,86
10,21,31
12,13,25
46,56,102
23,58,81
12,38,50
22,72,94
10,7,17
49,66,115
68,44,112
94,15,109
93,98,191
69,96,165
72,80,152
39,77,116
97,4,101
90,14,104
5,73,78
8,80,88
80,50,130
85,50,135
30,11,41
45,21,66
64,34,98
66,15,81
40,92,132
20,73,93
55,100,155
83,58,141
53,56,109
12,25,37
29,58,87
62,14,76
49,82,131
54,48,102
63,42,105
76,37,113
66,84,150
86,48,134
48,26,74
95,45,140
15,13,28
99,48,147
58,95,153
19,66,85
69,27,96
11,91,102
78,70,148
77,20,97
71,57,128
87,90,177
47,55,102
80,93,173
37,9,46
70,67,137
72,4,76
94,34,128
46,50,96
28,33,61
63,88,151
34,43,77
56,35,91
89,68,157
54,60,114
19,31,50
79,34,113
4,27,31
40,91,131
88,59,147
92,28,120
47,6,53
37,26,63
51,45,96
89,91,180
43,65,108
34,12,46
26,73,99
93,33,126
75,88,163
61,70,131
64,72,136
76,17,93
13,38,51
10,88,98
24,57,81
18,34,52
52,4,56
34,49,83
82,93,175
75,24,99
95,76,171
38,38,76
67,90,157
82,80,162
7,78,85
63,63,126
30,37,67
3,98,101
93,15,108
66,20,86
83,22,105
73,25,98
40,68,108
98,97,195
62,80,142
7,91,98
94,81,175
92,84,176
58,97,155
84,63,147
73,81,154
54,9,63
76,87,163
62,80,142
97,72,169
100,36,136
3,61,64
12,78,90
73,31,104
66,99,165
25,46,71
22,64,86
27,48,75
27,10,37
13,52,65
4,36,40
39,11,50
37,88,125
92,48,140
10,20,30
46,69,115
68,86,154
32,31,63
33,93,126
68,81,149
48,76,124
31,79,110
35,2,37
83,30,113
5,22,27
7,79,86
85,92,177
5,59,64
44,82,126
16,24,40
68,42,110
56,43,99
21,38,59
18,9,27
52,90,142
16,20,36
63,57,120
50,59,109
33,56,89
69,87,156
41,96,137
77,3,80
49,55,104
98,39,137
38,43,81
65,70,135
98,40,138
43,61,104
69,88,157
59,51,110
4,3,7
58,66,124
46,92,138
44,3,47
56,71,127
42,29,71
34,35,69
61,6,67
14,25,39
16,24,40
26,46,72
57,39,96
32,70,102
29,52,81
65,27,92
99,13,112
65,44,109
5,31,36
29,2,31
27,54,81
68,38,106
93,33,126
9,22,31
41,77,118
62,68,130
11,81,92
98,85,183
42,58,100
26,100,126
83,68,151
59,95,154
94,20,114
4,75,79
29,72,101
5,57,62
71,66,137
45,60,105
40,62,102
51,81,132
27,54,81
37,22,59
61,99,160
88,33,121
67,76,143
92,24,116
89,23,112
98,6,104
4,56,60
74,84,158
80,74,154
72,15,87
67,85,152
1,95,96
96,59,155
82,91,173
1,4,5
79,16,95
26,76,102
27,10,37
47,29,76
51,13,64
49,55,104
16,17,33
92,26,118
97,50,147
64,76,140
71,72,143
84,90,174
19,74,93
27,92,119
7,98,105
24,5,29
70,93,163
78,29,107
89,95,184
90,10,100
65,80,145
26,54,80
50,40,90
93,25,118
4,31,35
61,82,143
1,36,37
74,60,134
67,65,132
87,28,115
6,16,22
67,13,80
39,94,133
71,40,111
86,42,128
96,37,133
84,54,138
86,45,131
96,28,124
62,69,131
76,63,139
15,14,29
87,25,112
67,71,138
89,77,166
80,89,169
23,14,37
75,67,142
56,45,101
5,35,40
63,71,134
86,91,177
25,25,50
16,27,43
64,63,127
32,71,103
41,43,84
73,38,111
6,52,58
58,77,135
50,62,112
97,24,121
33,41,74
21,70,91
61,91,152
94,88,182
71,5,76
9,88,97
58,37,95
13,44,57
77,79,156
33,24,57
11,74,85
76,6,82
38,68,106
97,15,112
84,17,101
46,92,138
60,15,75
64,3,67
61,57,118
58,100,158
79,41,120
86,25,111
88,80,168
77,83,160
92,86,178
13,89,102
6,75,81
36,23,59
49,21,70
71,22,93
38,11,49
20,54,74
92,63,155
26,93,119
41,90,131
57,45,102
52,80,132
37,13,50
54,40,94
37,4,41
51,100,151
44,20,64
81,80,161
76,85,161
29,26,55
44,74,118
23,12,35
78,44,122
83,8,91
90,2,92
31,84,115
6,51,57
60,69,129
56,89,145
44,62,106
81,91,172
43,33,76
52,49,101
67,51,118
53,42,95
27,48,75
16,9,25
61,9,70
18,61,79
34,87,121
3,75,78
29,88,117
39,3,42
50,26,76
83,43,126
73,65,138
8,14,22
14,75,89
66,41,107
89,40,129
7,25,32
97,71,168
45,21,66
21,11,32
11,25,36
15,45,60
18,20,38
99,21,120
97,45,142
12,86,98
76,53,129
100,10,110
77,27,104
19,73,92
69,20,89
33,63,96
60,15,75
100,17,117
82,12,94
85,4,89
93,52,145
83,82,165
89,35,124
77,95,172
78,98,176
100,18,118
83,89,172
88,30,118
93,67,160
45,84,129
85,74,159
28,18,46
80,35,115
74,89,163
28,82,110
62,84,146
54,11,65
26,49,75
6,31,37
52,44,96
69,27,96
57,17,74
33,24,57
98,51,149
56,66,122
52,80,132
68,54,122
94,12,106
33,30,63
54,4,58
95,93,188
77,13,90
78,3,81
97,35,132
59,4,63
36,86,122
67,58,125
15,58,73
59,3,62
37,6,43
5,22,27
40,18,58
2,26,28
63,54,117
68,68,136
25,29,54
56,5,61
3,52,55
38,91,129
7,41,48
97,88,185
96,64,160
84,74,158
35,16,51
16,42,58
27,92,119
91,69,160
43,95,138
56,5,61
68,33,101
35,31,66
32,97,129
98,11,109
90,95,185
72,45,117
48,11,59
51,42,93
99,86,185
58,61,119
11,1,12
32,47,79
22,58,80
25,54,79
5,49,54
38,58,96
8,36,44
51,34,85
29,6,35
70,83,153
43,88,131
44,53,97
7,39,46
32,47,79
35,33,68
51,34,85
95,73,168
87,84,171
70,20,90
68,22,90
92,81,173
43,60,103
54,65,119
57,99,156
80,59,139
23,69,92
15,79,94
15,90,105
45,15,60
3,88,91
34,54,88
38,64,102
43,64,107
19,80,99
15,61,76
57,37,94
72,87,159
92,29,121
53,52,105
20,13,33
53,59,112
29,72,101
18,43,61
3,72,75
14,35,49
84,23,107
83,33,116
38,57,95
4,6,10
79,54,133
83,2,85
2,25,27
38,3,41
21,43,64
84,2,86
83,83,166
20,9,29
22,44,66
76,73,149
43,70,113
30,47,77
60,88,148
29,50,79
32,65,97
10,21,31
65,8,73
61,57,118
34,2,36
93,68,161
97,82,179
28,52,80
99,16,115
68,13,81
30,79,109
39,77,116
99,57,156
32,89,121
81,76,157
46,4,50
31,65,96
27,15,42
30,22,52
53,95,148
16,8,24
26,61,87
26,84,110
34,45,79
55,81,136
16,33,49
67,7,74
74,79,153
31,74,105
52,26,78
59,37,96
92,27,119
97,11,108
47,48,95
17,8,25
85,50,135
62,94,156
78,52,130
34,62,96
29,65,94
94,87,181
64,51,115
42,59,101
82,44,126
45,73,118
22,66,88
60,56,116
10,33,43
72,31,103
70,10,80
63,51,114
44,85,129
38,23,61
37,52,89
29,82,111
62,10,72
66,45,111
80,40,120
98,74,172
75,88,163
15,84,99
98,41,139
20,83,103
66,88,154
59,10,69
54,36,90
47,61,108
90,94,184
9,31,40
2,63,65
23,93,116
92,65,157
27,96,123
6,55,61
30,9,39
73,74,147
59,59,118
81,95,176
76,84,160
3,23,26
32,63,95
15,33,48
68,85,153
17,18,35
61,11,72
69,55,124
4,38,42
28,99,127
24,52,76
23,22,45
52,8,60
97,70,167
46,80,126
4,66,70
46,38,84
43,72,115
97,99,196
9,94,103
42,62,104
9,47,56
32,13,45
22,96,118
78,87,165
43,42,85
20,27,47
31,39,70
5,10,15
49,14,63
65,27,92
25,14,39
90,89,179
89,11,100
13,81,94
23,11,34
52,11,63
58,20,78
33,39,72
5,81,86
97,25,122
31,51,82
100,15,115
17,52,69
53,13,66
58,40,98
41,7,48
47,9,56
5,71,76
16,88,104
9,92,101
48,25,73
81,11,92
54,22,76
90,36,126
95,78,173
53,14,67
98,4,102
87,50,137
6,65,71
95,56,151
81,66,147
82,78,160
5,71,76
89,28,117
47,14,61
2,20,22
29,43,72
26,87,113
25,80,105
51,13,64
3,17,20
99,4,103
43,74,117
43,49,92
5,92,97
99,83,182
39,58,97
39,11,50
20,66,86
8,60,68
55,23,78
27,42,69
99,25,124
15,98,113
49,81,130
12,68,80
84,21,105
19,70,89
98,79,177
97,94,191
79,37,116
33,68,101
37,46,83
69,36,105
60,88,148
8,67,75
39,68,107
50,33,83
87,59,146
7,12,19
53,5,58
95,89,184
25,2,27
85,40,125
55,60,115
96,15,111
42,13,55
62,13,75
78,79,157
86,45,131
6,8,14
6,14,20
2,66,68
36,56,92
52,48,100
40,70,110
39,21,60
40,81,121
66,99,165
44,96,140
74,58,132
43,13,56
89,76,165
92,46,138
77,18,95
63,52,115
40,76,116
93,28,121
40,90,130
35,14,49
59,93,152
48,93,141
42,47,89
25,67,92
98,26,124
58,66,124
48,6,54
62,78,140
79,16,95
7,98,105
1,2,3
61,48,109
67,55,122
42,92,134
25,32,57
35,55,90
3,83,86
6,53,59
29,31,60
53,44,97
19,53,72
27,3,30
28,16,44
5,42,47
80,21,101
47,68,115
14,10,24
2,48,50
34,48,82
96,8,104
63,3,66
58,70,128
6,74,80
14,10,24
79,70,149
84,9,93
99,44,143
96,79,175
68,84,152
36,43,79
35,92,127
10,89,99
32,77,109
73,33,106
88,50,138
75,79,154
29,73,102
69,45,114
3,14,17
36,45,81
40,65,105
97,80,177
5,87,92
45,29,74
31,43,74
42,47,89
81,24,105
42,24,66
96,75,171
3,23,26
83,64,147
62,49,111
38,49,87
24,36,60
63,9,72
5,99,104
86,44,130
50,76,126
77,75,152
100,66,166
41,58,99
75,51,126
81,57,138
50,98,148
81,24,105
12,85,97
88,24,112
41,81,122
17,59,76
5,84,89
5,8,13
80,78,158
84,49,133
98,95,193
88,62,150
37,64,101
57,39,96
31,72,103
22,51,73
100,2,102
64,45,109
5,37,42
62,75,137
1,92,93
82,44,126
41,22,63
33,29,62
34,19,53
2,79,81
22,95,117
98,31,129
82,84,166
20,62,82
92,100,192
93,100,193
72,93,165
96,11,107
19,38,57
96,60,156
9,90,99
26,88,114
96,75,171
67,70,137
29,10,39
48,97,145
76,17,93
71,78,149
8,18,26
94,23,117
80,14,94
71,91,162
22,44,66
59,82,141
49,89,138
71,65,136
85,39,124
13,87,100
76,90,166
84,76,160
3,81,84
39,4,43
79,57,136
92,64,156
91,15,106
38,48,86
10,45,55
8,94,102
36,25,61
31,12,43
63,50,113
87,78,165
80,28,108
86,38,124
36,34,70
42,49,91
29,65,94
86,10,96
43,82,125
39,9,48
74,7,81
26,40,66
56,61,117
16,36,52
90,55,145
35,48,83
23,33,56
2,79,81
49,100,149
37,92,129
22,56,78
93,27,120
55,2,57
67,73,140
7,46,53
47,26,73
35,52,87
56,2,58
19,30,49
70,41,111
94,61,155
62,97,159
21,32,53
26,97,123
52,7,59
55,19,74
16,69,85
82,83,165
88,44,132
18,77,95
23,77,100
26,48,74
15,84,99
7,8,15
78,60,138
57,48,105
28,58,86
44,5,49
36,34,70
54,34,88
19,8,27
4,65,69
42,59,101
29,91,120
41,64,105
80,85,165
9,2,11
86,3,89
55,91,146
89,63,152
46,51,97
45,98,143
50,64,114
54,81,135
66,68,134
87,77,164
60,69,129
42,92,134
44,70,114
27,43,70
80,77,157
52,54,106
46,48,94
58,10,68
85,99,184
49,96,145
17,73,90
78,5,83
58,5,63
34,12,46
87,5,92
50,25,75
3,66,69
56,91,147
12,78,90
50,62,112
4,62,66
97,31,128
71,81,152
39,98,137
81,94,175
59,37,96
17,40,57
28,27,55
36,62,98
67,93,160
59,2,61
52,72,124
16,31,47
55,9,64
73,27,100
38,79,117
70,31,101
90,13,103
75,2,77
56,51,107
41,20,61
60,58,118
96,41,137
9,50,59
88,8,96
14,49,63
13,91,104
28,91,119
47,73,120
34,44,78
60,39,99
64,78,142
90,28,118
70,45,115
16,1,17
35,89,124
39,71,110
88,51,139
92,81,173
81,45,126
62,59,121
42,50,92
92,44,136
86,74,160
24,49,73
12,24,36
21,57,78
8,12,20
16,45,61
70,82,152
12,56,68
33,79,112
61,28,89
94,71,165
79,59,138
53,52,105
64,82,146
23,46,69
79,28,107
71,21,92
1,61,62
12,44,56
9,54,63
52,14,66
30,25,55
14,9,23
46,37,83
58,18,76
28,3,31
31,63,94
52,51,103
57,8,65
4,4,8
60,88,148
11,62,73
88,75,163
29,68,97
71,99,170
6,40,46
96,22,118
67,90,157
32,78,110
36,67,103
13,46,59
63,44,107
13,80,93
82,32,114
63,84,147
31,92,123
46,60,106
13,82,95
67,97,164
97,93,190
95,37,132
81,92,173
29,80,109
32,57,89
4,81,85
1,90,91
95,27,122
67,97,164
49,22,71
81,67,148
82,97,179
47,100,147
13,82,95
62,50,112
96,99,195
5,66,71
85,83,168
32,78,110
85,87,172
73,9,82
70,92,162
55,71,126
25,8,33
11,57,68
89,100,189
18,80,98
6,40,46
39,4,43
98,87,185
82,85,167
53,29,82
93,87,180
61,28,89
93,42,135
58,6,64
55,40,95
70,75,145
12,73,85
8,57,65
74,38,112
76,76,152
4,46,50
99,84,183
26,17,43
24,68,92
58,72,130
11,30,41
53,76,129
38,65,103
90,78,168
16,56,72
27,1,28
4,36,40
88,84,172
82,10,92
92,28,120
74,14,88
92,12,104
45,13,58
1,15,16
80,44,124
10,3,13
55,43,98
17,66,83
22,82,104
49,71,120
10,7,17
98,11,109
31,94,125
76,50,126
97,31,128
26,69,95
9,65,74
25,84,109
88,96,184
36,42,78
57,11,68
17,93,110
87,85,172
85,33,118
70,73,143
96,75,171
83,45,128
10,68,78
95,86,181
29,62,91
52,21,73
29,3,32
50,41,91
70,59,129
28,19,47
12,54,66
63,28,91
29,78,107
52,88,140
29,71,100
20,24,44
53,31,84
70,97,167
87,87,174
30,82,112
57,82,139
28,21,49
46,67,113
70,16,86
62,34,96
41,58,99
62,49,111
54,88,142
62,71,133
25,27,52
16,56,72
5,13,18
33,58,91
6,60,66
77,78,155
30,16,46
73,1,74
78,82,160
46,35,81
83,50,133
48,54,102
4,33,37
62,34,96
95,64,159
51,63,114
86,13,99
88,19,107
15,83,98
52,20,72
47,46,93
28,99,127
47,2,49
16,48,64
48,82,130
78,40,118
76,18,94
59,87,146
83,55,138
36,84,120
12,92,104
52,48,100
96,6,102
71,47,118
60,69,129
60,5,65
45,12,57
94,9,103
46,7,53
70,5,75
19,44,63
24,94,118
58,1,59
79,11,90
38,47,85
83,65,148
84,54,138
90,72,162
16,48,64
75,71,146
88,8,96
57,44,101
4,15,19
76,62,138
35,26,61
52,94,146
4,4,8
77,78,155
84,53,137
99,20,119
83,90,173
82,6,88
16,77,93
64,44,108
33,62,95
73,46,119
42,84,126
45,23,68
66,65,131
66,6,72
8,94,102
94,45,139
85,93,178
34,12,46
21,43,64
100,75,175
79,85,164
13,89,102
87,99,186
65,47,112
32,98,130
25,88,113
73,74,147
8,51,59
39,60,99
30,50,80
72,18,90
65,16,81
54,18,72
37,97,134
74,87,161
58,97,155
6,100,106
82,73,155
42,76,118
80,42,122
46,21,67
59,60,119
5,22,27
16,74,90
46,5,51
67,57,124
48,89,137
73,77,150
73,20,93
38,8,46
96,35,131
80,12,92
57,8,65
37,28,65
33,3,36
28,19,47
67,52,119
72,80,152
10,91,101
59,55,114
89,31,120
37,82,119
41,9,50
14,19,33
26,3,29
32,72,104
50,75,125
84,75,159
52,7,59
66,11,77
95,57,152
10,17,27
30,27,57
18,52,70
21,3,24
95,69,164
70,51,121
74,23,97
30,50,80
70,38,108
54,23,77
38,10,48
33,75,108
79,99,178
51,19,70
87,57,144
33,9,42
89,16,105
76,17,93
47,54,101
19,26,45
53,6,59
65,98,163
29,67,96
69,92,161
3,37,40
79,16,95
30,92,122
99,87,186
27,72,99
97,35,132
92,14,106
77,52,129
61,94,155
63,100,163
88,61,149
21,26,47
46,35,81
23,35,58
77,71,148
48,95,143
57,45,102
32,92,124
57,7,64
75,17,92
58,5,63
68,2,70
15,84,99
78,37,115
56,24,80
8,14,22
44,66,110
94,98,192
59,46,105
42,6,48
9,84,93
22,54,76
19,98,117
87,86,173
86,59,145
13,21,34
24,91,115
56,96,152
55,41,96
32,84,116
62,70,132
83,85,168
21,5,26
28,84,112
16,77,93
36,37,73
6,56,62
84,52,136
21,70,91
14,73,87
100,38,138
89,75,164
64,22,86
28,59,87
85,35,120
96,6,102
81,10,91
89,81,170
44,79,123
66,20,86
69,48,117
21,54,75
88,98,186
79,81,160
45,8,53
12,13,25
12,24,36
29,93,122
43,68,111
6,93,99
58,62,120
39,58,97
24,49,73
9,14,23
12,64,76
100,90,190
53,80,133
68,78,146
44,71,115
65,77,142
15,89,104
32,46,78
71,37,108
64,28,92
56,76,132
71,100,171
28,68,96
9,35,44
56,70,126
47,71,118
77,88,165
90,66,156
55,96,151
41,73,114
25,74,99
58,67,125
55,41,96
27,100,127
68,60,128
96,11,107
56,35,91
21,8,29
19,1,20
47,77,124
72,2,74
10,24,34
69,1,70
45,61,106
55,14,69
94,90,184
27,84,111
13,42,55
71,81,152
83,78,161
62,38,100
44,77,121
58,88,146
88,30,118
27,33,60
98,74,172
52,60,112
21,29,50
66,18,84
28,35,63
73,60,133
93,25,118
5,90,95
62,26,88
91,76,167
61,80,141
6,97,103
35,39,74
85,87,172
45,26,71
30,92,122
38,22,60
79,84,163
20,69,89
91,87,178
24,52,76
36,72,108
80,88,168
90,75,165
63,19,82
50,26,76
8,9,17
84,91,175
81,55,136
56,23,79
83,27,110
65,99,164
11,87,98
68,28,96
12,20,32
1,11,12
81,84,165
36,62,98
100,7,107
43,52,95
82,5,87
60,64,124
48,65,113
18,73,91
10,41,51
9,47,56
69,22,91
27,20,47
99,24,123
64,65,129
11,1,12
49,84,133
57,70,127
84,11,95
69,31,100
1,72,73
13,89,102
78,37,115
79,2,81
12,65,77
87,26,113
5,24,29
80,38,118
83,74,157
81,94,175
11,97,108
14,61,75
3,11,14
70,46,116
15,35,50
38,11,49
5,30,35
26,55,81
48,52,100
87,67,154
2,92,94
53,25,78
12,44,56
2,32,34
48,85,133
70,49,119
83,85,168
93,3,96
66,4,70
40,73,113
12,77,89
26,60,86
93,36,129
36,93,129
56,4,60
86,36,122
18,98,116
49,96,145
48,15,63
24,60,84
1,18,19
42,13,55
51,67,118
35,69,104
32,86,118
22,13,35
38,89,127
73,74,147
1,21,22
95,93,188
10,70,80
10,49,59
3,63,66
12,73,85
99,3,102
16,90,106
6,37,43
34,64,98
57,41,98
16,28,44
53,73,126
14,100,114
98,93,191
61,17,78
43,44,87
93,19,112
77,80,157
25,65,90
76,45,121
50,53,103
33,88,121
63,89,152
68,30,98
57,35,92
4,66,70
67,27,94
9,70,79
98,13,111
49,32,81
35,100,135
11,20,31
100,34,134
85,54,139
53,2,55
78,12,90
81,6,87
27,94,121
86,69,155
87,95,182
91,92,183
33,59,92
33,15,48
48,62,110
65,48,113
20,78,98
67,35,102
51,35,86
67,71,138
76,55,131
45,33,78
23,90,113
63,76,139
43,31,74
17,74,91
29,13,42
38,5,43
11,59,70
99,23,122
49,57,106
28,34,62
28,80,108
64,80,144
3,80,83
85,62,147
55,66,121
42,85,127
71,10,81
88,34,122
69,57,126
72,10,82
9,13,22
77,36,113
99,67,166
49,20,69
39,63,102
1,57,58
19,15,34
75,93,168
76,3,79
32,15,47
24,28,52
95,5,100
68,42,110
14,24,38
100,33,133
97,69,166
65,91,156
33,72,105
58,55,113
9,4,13
4,38,42
13,42,55
89,84,173
60,29,89
1,57,58
92,61,153
94,32,126
38,82,120
45,23,68
81,71,152
37,24,61
29,4,33
94,77,171
55,12,67
95,4,99
40,35,75
54,27,81
42,88,130
42,36,78
38,40,78
68,67,135
51,55,106
94,42,136
41,45,86
60,92,152
91,10,101
57,88,145
90,76,166
99,21,120
76,58,134
8,12,20
3,80,83
48,23,71
71,14,85
39,42,81
38,31,69
84,83,167
40,36,76
67,53,120
15,3,18
29,92,121
72,92,164
58,74,132
13,40,53
30,50,80
98,82,180
57,51,108
2,47,49
66,70,136
34,50,84
39,75,114
56,49,105
77,86,163
43,59,102
19,45,64
69,68,137
71,20,91
79,68,147
2,58,60
25,10,35
86,31,117
64,36,100
97,70,167
22,33,55
98,42,140
98,48,146
29,76,105
5,8,13
69,90,159
30,36,66
10,57,67
78,28,106
29,35,64
12,87,99
33,45,78
1,49,50
77,72,149
23,93,116
12,94,106
77,86,163
73,30,103
61,28,89
55,37,92
50,35,85
90,17,107
18,4,22
100,50,150
30,94,124
98,54,152
98,75,173
4,81,85
14,93,107
23,63,86
19,95,114
94,20,114
42,45,87
90,88,178
36,24,60
59,85,144
11,71,82
78,27,105
69,47,116
58,36,94
55,89,144
57,77,134
75,64,139
41,7,48
27,67,94
12,72,84
54,67,121
20,57,77
60,10,70
14,100,114
55,99,154
17,13,30
78,94,172
24,17,41
38,97,135
21,81,102
80,96,176
5,11,16
86,18,104
52,19,71
92,8,100
19,91,110
60,54,114
94,16,110
48,32,80
4,86,90
9,54,63
84,49,133
46,47,93
68,92,160
95,71,166
50,40,90
32,10,42
1,81,82
80,37,117
100,25,125
85,91,176
2,13,15
80,15,95
92,71,163
47,87,134
20,36,56
90,28,118
26,97,123
32,10,42
82,7,89
16,59,75
97,33,130
4,23,27
19,78,97
48,90,138
50,71,121
61,82,143
44,91,135
1,79,80
19,15,34
89,29,118
9,63,72
47,99,146
2,56,58
76,35,111
41,22,63
45,53,98
48,88,136
17,53,70
71,33,104
83,2,85
80,76,156
26,65,91
45,53,98
42,63,105
93,94,187
72,1,73
38,23,61
21,87,108
14,38,52
70,36,106
95,82,177
64,71,135
100,32,132
82,29,111
32,45,77
58,99,157
26,17,43
100,56,156
89,43,132
34,26,60
28,15,43
20,54,74
83,10,93
25,53,78
93,66,159
75,10,85
98,90,188
55,8,63
85,55,140
70,98,168
50,72,122
16,86,102
9,32,41
63,14,77
30,58,88
65,61,126
27,67,94
92,96,188
89,37,126
50,82,132
81,7,88
21,4,25
98,20,118
39,74,113
99,25,124
55,52,107
96,5,101
42,36,78
98,33,131
24,8,32
12,20,32
5,9,14
75,82,157
72,21,93
49,71,120
12,76,88
44,6,50
7,50,57
67,31,98
20,43,63
62,73,135
47,35,82
47,16,63
67,74,141
58,28,86
36,74,110
31,14,45
8,32,40
86,62,148
24,9,33
41,73,114
82,79,161
34,94,128
99,65,164
62,65,127
79,37,116
79,9,88
96,43,139
66,82,148
26,18,44
18,31,49
4,48,52
49,11,60
97,43,140
64,83,147
98,81,179
99,50,149
1,56,57
55,6,61
8,78,86
15,65,80
36,84,120
86,17,103
21,50,71
74,96,170
28,57,85
76,24,100
22,53,75
33,28,61
72,59,131
63,90,153
3,45,48
16,83,99
66,4,70
94,23,117
68,98,166
3,54,57
44,23,67
53,20,73
100,76,176
58,75,133
25,94,119
83,72,155
10,64,74
48,51,99
16,91,107
56,53,109
28,77,105
95,94,189
94,72,166
10,37,47
40,78,118
1,15,16
39,91,130
43,46,89
61,42,103
87,9,96
11,54,65
15,65,80
78,15,93
58,42,100
57,66,123
83,93,176
16,50,66
12,48,60
17,69,86
88,83,171
34,13,47
46,91,137
73,91,164
16,84,100
37,37,74
91,3,94
22,77,99
29,32,61
80,96,176
47,95,142
1,81,82
78,65,143
77,36,113
86,96,182
24,38,62
10,52,62
80,82,162
84,20,104
37,61,98
74,81,155
38,62,100
35,35,70
70,39,109
84,3,87
34,8,42
75,41,116
95,64,159
51,15,66
83,57,140
33,1,34
98,22,120
22,81,103
70,88,158
23,79,102
90,53,143
61,6,67
60,86,146
10,52,62
12,44,56
98,20,118
61,48,109
49,39,88
42,71,113
73,68,141
96,75,171
60,44,104
26,62,88
60,76,136
90,47,137
84,72,156
59,40,99
39,27,66
70,45,115
71,16,87
11,88,99
57,63,120
2,60,62
40,58,98
34,5,39
24,48,72
43,97,140
88,91,179
32,53,85
5,31,36
10,84,94
4,57,61
77,52,129
73,4,77
89,75,164
70,40,110
48,65,113
13,12,25
52,83,135
55,42,97
46,26,72
88,74,162
54,89,143
21,39,60
99,24,123
95,64,159
7,97,104
34,9,43
17,51,68
63,63,126
44,47,91
98,88,186
27,17,44
32,66,98
28,98,126
42,55,97
42,91,133
95,57,152
39,63,102
65,58,123
50,78,128
31,35,66
44,38,82
35,63,98
30,3,33
68,1,69
29,16,45
10,18,28
11,49,60
48,27,75
55,29,84
2,98,100
21,66,87
40,22,62
79,93,172
66,3,69
5,48,53
48,69,117
66,90,156
28,67,95
40,14,54
96,32,128
23,7,30
26,80,106
77,73,150
89,84,173
90,6,96
96,5,101
32,17,49
84,4,88
6,98,104
80,79,159
9,42,51
18,97,115
11,61,72
20,16,36
63,48,111
7,31,38
7,22,29
76,52,128
9,86,95
74,90,164
54,58,112
7,87,94
97,57,154
70,28,98
12,3,15
77,29,106
51,61,112
28,87,115
36,95,131
3,59,62
1,41,42
16,14,30
45,41,86
2,40,42
17,75,92
80,25,105
16,69,85
22,99,121
13,4,17
66,69,135
66,98,164
100,88,188
8,64,72
85,30,115
59,51,110
27,6,33
72,51,123
29,84,113
52,6,58
51,14,65
54,15,69
25,31,56
49,35,84
86,2,88
96,52,148
65,79,144
43,93,136
21,15,36
12,21,33
96,81,177
35,1,36
9,57,66
32,60,92
45,100,145
21,96,117
76,58,134
5,37,42
2,1,3
29,98,127
48,94,142
93,69,162
73,3,76
21,6,27
30,52,82
22,54,76
94,2,96
52,90,142
86,92,178
86,66,152
36,81,117
40,26,66
63,51,114
81,11,92
22,24,46
62,13,75
37,31,68
46,29,75
18,69,87
72,37,109
72,11,83
23,95,118
63,23,86
36,12,48
35,80,115
74,69,143
11,78,89
55,20,75
10,25,35
25,61,86
11,49,60
99,63,162
60,64,124
3,79,82
86,51,137
90,66,156
72,80,152
71,6,77
69,61,130
16,25,41
88,53,141
28,2,30
57,59,116
62,12,74
53,49,102
48,50,98
63,65,128
14,18,32
17,19,36
79,3,82
81,91,172
75,35,110
77,83,160
55,99,154
95,65,160
58,36,94
57,97,154
55,64,119
50,74,124
74,87,161
66,100,166
61,93,154
22,35,57
75,31,106
79,51,130
10,92,102
14,75,89
71,62,133
52,42,94
9,77,86
50,98,148
4,90,94
88,42,130
54,63,117
18,67,85
29,30,59
25,8,33
86,5,91
61,44,105
80,51,131
35,16,51
58,1,59
90,19,109
97,4,101
18,45,63
87,65,152
76,3,79
67,49,116
98,13,111
80,72,152
100,12,112
87,37,124
67,20,87
38,27,65
52,10,62
90,47,137
32,59,91
84,5,89
49,63,112
2,18,20
43,1,44
52,19,71
63,46,109
89,75,164
78,93,171
94,95,189
27,84,111
61,45,106
100,39,139
54,19,73
3,58,61
90,95,185
48,45,93
64,30,94
87,80,167
82,43,125
19,55,74
100,93,193
58,41,99
65,62,127
69,94,163
36,69,105
29,81,110
64,48,112
74,2,76
27,5,32
19,59,78
35,75,110
29,6,35
30,67,97
56,15,71
26,60,86
32,6,38
64,7,71
68,83,151
80,40,120
30,80,110
83,93,176
49,65,114
32,8,40
71,43,114
79,33,112
20,85,105
16,59,75
25,97,122
52,65,117
42,47,89
29,40,69
81,5,86
79,98,177
100,68,168
26,38,64
60,11,71
96,69,165
93,58,151
35,67,102
32,56,88
92,95,187
86,73,159
52,58,110
55,22,77
11,70,81
60,45,105
77,26,103
39,4,43
99,93,192
94,38,132
27,6,33
18,48,66
38,28,66
20,17,37
19,42,61
6,50,56
90,20,110
13,78,91
36,47,83
12,79,91
35,98,133
32,97,129
58,37,95
49,40,89
84,10,94
67,91,158
48,36,84
44,25,69
42,79,121
73,48,121
80,9,89
23,9,32
28,20,48
72,32,104
34,23,57
51,48,99
3,8,11
30,28,58
39,51,90
81,59,140
73,90,163
52,88,140
35,83,118
30,40,70
94,60,154
9,4,13
73,85,158
44,34,78
22,85,107
55,28,83
73,75,148
45,42,87
78,50,128
9,65,74
64,92,156
18,24,42
95,51,146
46,91,137
13,70,83
2,41,43
71,58,129
5,67,72
94,50,144
86,99,185
25,77,102
59,72,131
51,94,145
85,73,158
88,16,104
29,40,69
83,74,157
11,80,91
27,58,85
34,4,38
53,31,84
57,71,128
61,2,63
38,8,46
30,49,79
3,6,9
31,94,125
76,47,123
60,22,82
75,65,140
76,75,151
54,53,107
43,31,74
69,39,108
69,44,113
58,74,132
11,86,97
79,8,87
86,11,97
61,84,145
14,50,64
93,46,139
66,32,98
63,99,162
97,27,124
40,76,116
3,4,7
91,15,106
92,3,95
52,18,70
97,74,171
62,8,70
84,41,125
83,53,136
28,29,57
56,46,102
69,98,167
11,93,104
65,84,149
5,42,47
72,100,172
79,17,96
65,85,150
76,62,138
16,1,17
10,68,78
84,94,178
69,23,92
20,21,41
16,9,25
22,41,63
47,71,118
83,79,162
40,56,96
83,27,110
93,92,185
21,34,55
74,19,93
8,68,76
69,53,122
46,69,115
54,97,151
13,54,67
57,49,106
32,46,78
87,86,173
44,3,47
44,68,112
23,94,117
39,31,70
72,52,124
10,26,36
52,9,61
92,77,169
78,20,98
36,90,126
96,95,191
41,32,73
78,98,176
53,34,87
6,60,66
33,15,48
26,23,49
53,87,140
35,26,61
91,83,174
83,54,137
75,61,136
54,41,95
35,17,52
87,49,136
28,10,38
70,53,123
84,19,103
72,72,144
12,94,106
39,87,126
43,26,69
20,6,26
86,72,158
85,56,141
84,19,103
28,96,124
74,23,97
88,13,101
12,67,79
94,58,152
45,7,52
20,15,35
47,30,77
91,7,98
79,31,110
99,36,135
85,14,99
35,61,96
83,77,160
51,77,128
72,32,104
8,73,81
93,77,170
89,13,102
4,30,34
93,17,110
27,36,63
14,15,29
66,27,93
90,10,100
62,64,126
22,41,63
3,27,30
39,32,71
48,77,125
50,45,95
43,25,68
20,10,30
41,92,133
23,100,123
82,3,85
86,19,105
40,53,93
94,35,129
68,38,106
8,38,46
90,42,132
20,30,50
39,46,85
92,77,169
44,19,63
54,32,86
27,59,86
67,55,122
87,46,133
62,100,162
86,80,166
43,34,77
22,47,69
35,82,117
94,1,95
31,94,125
34,14,48
63,44,107
58,36,94
48,46,94
33,10,43
73,77,150
11,92,103
91,82,173
47,41,88
79,91,170
85,71,156
89,65,154
34,6,40
10,78,88
26,1,27
55,21,76
40,65,105
97,29,126
29,95,124
99,4,103
36,60,96
13,98,111
99,96,195
80,24,104
32,11,43
100,93,193
44,7,51
64,56,120
60,48,108
4,3,7
99,23,122
43,27,70
65,3,68
60,69,129
90,14,104
71,30,101
30,34,64
64,66,130
98,79,177
41,68,109
9,74,83
7,25,32
33,84,117
38,32,70
87,62,149
82,37,119
31,79,110
16,8,24
53,20,73
35,87,122
52,93,145
25,70,95
87,96,183
23,37,60
40,60,100
27,74,101
93,53,146
20,64,84
88,72,160
21,62,83
37,55,92
71,91,162
67,43,110
17,14,31
92,70,162
5,47,52
34,81,115
61,94,155
17,38,55
32,78,110
65,16,81
74,88,162
39,32,71
29,34,63
47,57,104
75,38,113
99,86,185
11,20,31
45,48,93
80,69,149
54,52,106
14,88,102
14,84,98
19,10,29
50,3,53
77,35,112
20,67,87
95,84,179
18,17,35
75,12,87
85,98,183
26,86,112
80,56,136
27,15,42
42,33,75
70,49,119
59,59,118
3,73,76
4,59,63
79,40,119
20,45,65
57,71,128
79,50,129
20,25,45
89,73,162
4,73,77
32,3,35
77,9,86
72,26,98
28,2,30
97,56,153
2,11,13
65,56,121
70,10,80
4,37,41
16,60,76
70,1,71
27,42,69
83,60,143
85,73,158
7,64,71
76,45,121
50,41,91
61,17,78
84,17,101
68,39,107
59,53,112
83,34,117
44,63,107
59,31,90
92,8,100
76,79,155
76,37,113
71,67,138
66,49,115
70,37,107
16,35,51
56,96,152
77,3,80
50,19,69
26,77,103
64,54,118
72,40,112
83,75,158
6,84,90
85,74,159
72,15,87
62,81,143
23,48,71
95,30,125
100,13,113
72,58,130
86,43,129
100,32,132
97,2,99
91,57,148
64,78,142
73,90,163
86,82,168
12,89,101
6,41,47
60,38,98
14,26,40
67,83,150
92,54,146
3,82,85
21,77,98
22,26,48
91,6,97
10,98,108
17,51,68
28,61,89
50,86,136
94,34,128
90,16,106
12,98,110
9,55,64
4,97,101
41,95,136
21,38,59
60,39,99
48,99,147
32,30,62
23,58,81
86,46,132
49,50,99
36,31,67
90,49,139
14,60,74
38,78,116
63,7,70
93,32,125
14,12,26
2,10,12
51,82,133
92,91,183
37,94,131
33,67,100
100,1,101
55,55,110
83,35,118
51,51,102
26,73,99
22,30,52
27,48,75
4,79,83
88,93,181
69,38,107
54,15,69
57,65,122
79,24,103
55,35,90
13,36,49
80,40,120
84,36,120
92,97,189
33,63,96
63,27,90
29,31,60
83,79,162
49,41,90
96,84,180
97,95,192
32,88,120
19,33,52
98,50,148
65,7,72
40,10,50
63,92,155
17,43,60
85,86,171
44,99,143
20,8,28
58,94,152
53,21,74
81,38,119
75,54,129
42,11,53
18,69,87
36,59,95
54,58,112
40,25,65
45,50,95
65,45,110
17,21,38
85,66,151
78,92,170
84,82,166
11,98,109
37,23,60
28,71,99
1,46,47
11,16,27
38,82,120
37,100,137
96,52,148
3,99,102
43,1,44
47,31,78
20,93,113
36,86,122
6,11,17
88,40,128
35,76,111
4,89,93
35,76,111
82,80,162
80,59,139
19,22,41
73,46,119
21,10,31
22,46,68
86,4,90
42,87,129
19,49,68
3,30,33
20,100,120
55,100,155
6,7,13
83,20,103
17,81,98
28,95,123
10,16,26
15,87,102
22,90,112
45,61,106
45,74,119
88,77,165
11,49,60
22,71,93
67,73,140
81,12,93
72,7,79
55,18,73
46,88,134
11,35,46
94,94,188
87,45,132
90,30,120
61,52,113
45,82,127
8,93,101
7,10,17
84,89,173
52,43,95
94,57,151
18,40,58
6,36,42
6,4,10
69,62,131
8,98,106
18,95,113
90,33,123
68,36,104
39,1,40
86,29,115
72,32,104
81,48,129
10,19,29
93,34,127
21,2,23
86,45,131
61,75,136
59,62,121
18,22,40
99,97,196
90,57,147
49,76,125
92,49,141
4,53,57
91,33,124
55,84,139
45,3,48
74,17,91
24,36,60
95,22,117
28,71,99
8,4,12
39,58,97
84,71,155
15,1,16
24,77,101
60,89,149
77,58,135
79,100,179
7,35,42
79,21,100
91,7,98
50,90,140
41,90,131
19,20,39
1,95,96
81,45,126
41,70,111
90,87,177
40,28,68
1,89,90
92,52,144
18,33,51
86,49,135
10,55,65
83,45,128
38,16,54
8,17,25
7,94,101
78,98,176
61,74,135
73,75,148
59,6,65
35,9,44
79,27,106
36,47,83
11,84,95
24,99,123
4,4,8
7,72,79
16,27,43
57,58,115
26,82,108
100,57,157
94,2,96
39,52,91
45,32,77
9,95,104
95,60,155
9,84,93
9,91,100
35,80,115
40,73,113
86,61,147
40,88,128
42,90,132
70,55,125
7,84,91
18,43,61
13,30,43
16,70,86
15,99,114
81,94,175
23,3,26
82,14,96
67,31,98
53,96,149
7,32,39
86,44,130
39,77,116
45,67,112
18,80,98
87,81,168
65,55,120
14,2,16
41,74,115
41,83,124
40,62,102
48,80,128
79,90,169
60,71,131
55,44,99
78,32,110
75,41,116
32,9,41
42,95,137
27,77,104
14,4,18
82,4,86
75,56,131
33,67,100
88,43,131
47,70,117
67,57,124
11,11,22
35,94,129
94,26,120
33,100,133
43,82,125
53,92,145
49,52,101
97,50,147
84,81,165
46,73,119
47,48,95
12,3,15
82,45,127
51,66,117
95,31,126
55,93,148
9,2,11
57,7,64
83,39,122
17,15,32
16,77,93
63,3,66
38,16,54
64,46,110
17,21,38
94,100,194
82,22,104
57,3,60
59,17,76
69,28,97
35,93,128
35,98,133
8,96,104
44,71,115
46,51,97
25,64,89
94,76,170
5,43,48
6,26,32
74,13,87
11,72,83
40,56,96
26,30,56
26,9,35
79,22,101
94,48,142
10,22,32
48,45,93
58,58,116
79,59,138
5,48,53
89,87,176
17,64,81
100,61,161
79,82,161
74,67,141
49,76,125
61,76,137
25,12,37
54,72,126
19,7,26
67,94,161
1,90,91
69,76,145
81,63,144
6,19,25
48,62,110
91,49,140
71,4,75
5,56,61
19,26,45
36,25,61
31,83,114
20,78,98
66,79,145
69,23,92
13,47,60
77,69,146
84,25,109
2,81,83
62,22,84
91,61,152
55,28,83
55,77,132
28,25,53
79,2,81
51,32,83
87,79,166
26,14,40
68,11,79
72,7,79
27,53,80
26,84,110
22,11,33
43,38,81
60,91,151
82,20,102
11,73,84
68,87,155
51,16,67
38,2,40
40,54,94
99,60,159
43,6,49
85,66,151
47,53,100
34,97,131
60,95,155
51,87,138
81,32,113
67,69,136
90,62,152
68,6,74
52,3,55
42,15,57
35,30,65
36,66,102
20,58,78
77,29,106
6,35,41
3,36,39
34,81,115
91,77,168
39,48,87
17,87,104
67,70,137
14,58,72
27,14,41
82,89,171
43,21,64
3,20,23
76,29,105
66,94,160
6,52,58
35,71,106
19,64,83
26,32,58
34,52,86
80,7,87
11,93,104
45,56,101
47,17,64
90,92,182
67,24,91
94,83,177
2,76,78
60,66,126
55,55,110
66,75,141
84,47,131
69,25,94
66,30,96
24,32,56
59,97,156
72,84,156
92,26,118
31,66,97
49,36,85
35,94,129
61,93,154
6,75,81
15,39,54
5,65,70
35,64,99
61,26,87
40,76,116
33,70,103
17,68,85
87,92,179
43,11,54
85,40,125
91,20,111
70,94,164
54,59,113
82,8,90
74,44,118
91,76,167
81,64,145
61,26,87
93,63,156
87,44,131
10,10,20
54,7,61
2,30,32
71,95,166
27,60,87
64,98,162
87,70,157
70,5,75
69,90,159
45,72,117
35,34,69
7,97,104
7,79,86
80,59,139
7,71,78
8,80,88
1,5,6
99,75,174
54,55,109
58,88,146
59,67,126
73,90,163
69,89,158
81,46,127
45,33,78
31,75,106
38,55,93
10,12,22
24,78,102
41,63,104
66,46,112
5,33,38
30,16,46
51,28,79
9,67,76
37,96,133
68,77,145
88,75,163
5,54,59
4,27,31
8,61,69
14,58,72
95,68,163
46,70,116
61,41,102
90,16,106
52,80,132
86,3,89
54,36,90
63,23,86
11,37,48
14,36,50
36,17,53
2,11,13
11,38,49
10,5,15
86,17,103
46,72,118
54,7,61
6,62,68
94,22,116
72,38,110
67,77,144
30,83,113
40,10,50
49,67,116
1,17,18
52,66,118
85,75,160
63,7,70
40,1,41
31,60,91
15,58,73
35,74,109
22,80,102
70,12,82
35,64,99
58,47,105
25,5,30
61,100,161
23,75,98
97,57,154
26,78,104
99,68,167
77,94,171
81,19,100
88,83,171
45,25,70
46,1,47
85,64,149
59,24,83
75,2,77
41,68,109
82,97,179
90,99,189
15,50,65
8,24,32
55,26,81
39,79,118
94,54,148
94,15,109
17,84,101
21,80,101
25,74,99
46,75,121
28,100,128
97,86,183
58,87,145
39,63,102
48,57,105
37,10,47
35,45,80
9,71,80
37,53,90
48,81,129
74,83,157
85,4,89
76,64,140
41,91,132
77,35,112
19,78,97
63,87,150
34,53,87
18,98,116
53,30,83
39,16,55
71,6,77
38,88,126
8,46,54
75,48,123
47,12,59
74,100,174
54,53,107
30,49,79
84,91,175
85,83,168
23,10,33
81,95,176
28,64,92
2,37,39
72,4,76
26,41,67
45,44,89
97,49,146
36,12,48
58,74,132
37,26,63
27,69,96
86,93,179
88,98,186
39,43,82
15,37,52
25,5,30
88,67,155
47,89,136
68,63,131
54,10,64
23,78,101
18,100,118
43,86,129
20,98,118
29,36,65
16,15,31
85,48,133
63,44,107
78,10,88
20,11,31
61,58,119
28,56,84
43,64,107
64,47,111
11,12,23
72,1,73
76,55,131
24,12,36
64,64,128
68,15,83
33,83,116
33,20,53
61,5,66
85,20,105
21,80,101
23,47,70
37,98,135
54,42,96
36,20,56
24,83,107
1,33,34
66,87,153
12,43,55
14,27,41
21,77,98
100,17,117
35,97,132
70,57,127
90,38,128
49,24,73
58,4,62
29,80,109
17,16,33
100,70,170
30,39,69
94,26,120
100,32,132
39,2,41
56,24,80
89,45,134
27,24,51
32,90,122
31,66,97
82,100,182
83,84,167
85,24,109
69,22,91
77,79,156
21,8,29
86,79,165
84,69,153
48,90,138
55,99,154
84,69,153
32,76,108
36,97,133
54,1,55
82,88,170
76,99,175
59,93,152
8,33,41
47,29,76
12,9,21
49,37,86
85,92,177
81,1,82
98,64,162
65,29,94
46,58,104
57,72,129
35,78,113
33,92,125
9,30,39
33,46,79
77,43,120
2,64,66
91,16,107
84,58,142
42,41,83
34,95,129
76,67,143
67,49,116
49,80,129
70,21,91
72,3,75
72,2,74
19,77,96
61,52,113
35,47,82
83,34,117
48,19,67
66,68,134
93,47,140
81,98,179
67,69,136
24,95,119
68,89,157
59,59,118
94,87,181
45,21,66
88,20,108
19,94,113
30,80,110
91,61,152
10,10,20
63,27,90
93,3,96
91,66,157
74,16,90
20,98,118
12,82,94
62,12,74
33,45,78
81,25,106
58,26,84
71,24,95
80,4,84
55,79,134
16,91,107
76,39,115
55,24,79
100,43,143
37,78,115
61,63,124
94,59,153
60,66,126
75,97,172
17,95,112
35,73,108
61,65,126
72,99,171
25,7,32
29,82,111
61,84,145
69,61,130
17,87,104
77,89,166
40,89,129
4,44,48
62,95,157
14,75,89
13,27,40
43,11,54
46,59,105
95,34,129
84,34,118
8,88,96
12,40,52
44,20,64
32,93,125
51,1,52
62,35,97
100,77,177
93,31,124
55,13,68
95,92,187
50,75,125
25,75,100
70,1,71
28,49,77
81,92,173
71,82,153
14,11,25
84,52,136
40,29,69
82,35,117
81,50,131
57,98,155
73,69,142
6,98,104
89,94,183
8,28,36
16,40,56
82,32,114
59,91,150
24,4,28
18,76,94
46,61,107
98,80,178
78,74,152
3,75,78
23,29,52
35,69,104
58,60,118
46,41,87
85,59,144
37,19,56
90,51,141
50,98,148
5,33,38
13,98,111
54,49,103
54,62,116
81,11,92
38,38,76
4,41,45
65,78,143
29,46,75
18,8,26
60,35,95
59,18,77
6,92,98
5,45,50
90,46,136
95,4,99
40,41,81
46,41,87
37,76,113
59,57,116
39,53,92
16,86,102
19,44,63
25,71,96
60,40,100
49,27,76
10,31,41
96,75,171
63,60,123
80,15,95
87,35,122
17,31,48
87,33,120
11,41,52
81,90,171
32,60,92
43,46,89
97,62,159
96,65,161
68,21,89
59,62,121
39,65,104
100,17,117
4,62,66
22,46,68
65,97,162
27,47,74
64,92,156
7,20,27
39,22,61
47,10,57
29,43,72
79,86,165
14,64,78
41,65,106
73,9,82
18,90,108
49,92,141
47,37,84
72,29,101
85,60,145
60,21,81
20,15,35
5,43,48
43,38,81
11,70,81
21,12,33
1,80,81
57,39,96
3,42,45
35,97,132
5,23,28
62,77,139
70,22,92
38,84,122
6,67,73
15,69,84
52,52,104
64,48,112
67,46,113
59,48,107
28,55,83
30,30,60
34,56,90
31,35,66
58,65,123
20,30,50
76,71,147
63,80,143
63,55,118
19,4,23
100,95,195
53,81,134
78,27,105
69,91,160
72,9,81
56,27,83
82,44,126
55,45,100
41,1,42
94,36,130
75,28,103
88,65,153
40,5,45
6,89,95
62,1,63
54,21,75
36,56,92
82,98,180
63,79,142
3,44,47
62,45,107
92,34,126
27,39,66
32,47,79
100,32,132
50,33,83
1,99,100
97,33,130
77,47,124
72,17,89
6,13,19
82,98,180
80,21,101
24,58,82
79,71,150
75,62,137
50,94,144
29,40,69
3,51,54
51,78,129
65,37,102
53,97,150
40,41,81
77,80,157
69,54,123
48,46,94
85,76,161
28,45,73
48,57,105
23,21,44
62,67,129
25,63,88
97,22,119
18,5,23
100,14,114
27,28,55
50,60,110
36,62,98
49,61,110
30,81,111
90,100,190
9,60,69
68,19,87
59,97,156
64,12,76
46,14,60
71,86,157
54,49,103
36,13,49
10,28,38
90,22,112
70,3,73
28,64,92
9,98,107
52,3,55
93,18,111
3,92,95
17,51,68
44,81,125
86,3,89
5,39,44
53,7,60
29,44,73
98,47,145
68,11,79
7,67,74
74,1,75
92,6,98
48,60,108
61,1,62
23,90,113
99,82,181
10,99,109
80,17,97
82,37,119
63,51,114
4,75,79
20,1,21
53,15,68
26,18,44
51,62,113
93,79,172
21,80,101
97,68,165
48,20,68
52,74,126
67,17,84
48,12,60
12,58,70
52,14,66
2,15,17
34,86,120
70,84,154
41,96,137
37,59,96
32,58,90
24,96,120
87,68,155
61,98,159
79,24,103
99,40,139
94,38,132
68,59,127
54,74,128
96,22,118
57,71,128
45,32,77
40,49,89
12,54,66
81,37,118
95,42,137
85,3,88
76,34,110
96,4,100
53,12,65
84,13,97
75,33,108
84,19,103
98,16,114
86,93,179
85,97,182
65,58,123
9,26,35
31,71,102
69,4,73
61,4,65
14,69,83
80,22,102
20,74,94
20,9,29
16,12,28
77,28,105
90,91,181
15,28,43
51,31,82
32,16,48
86,45,131
72,41,113
24,31,55
1,22,23
83,7,90
5,41,46
75,42,117
46,48,94
78,6,84
93,47,140
87,96,183
82,56,138
68,5,73
60,9,69
31,95,126
21,89,110
1,65,66
47,5,52
43,67,110
64,1,65
58,77,135
96,71,167
53,50,103
99,89,188
64,80,144
72,39,111
33,41,74
8,62,70
38,23,61
93,30,123
68,56,124
95,79,174
39,40,79
94,97,191
61,31,92
76,37,113
8,68,76
83,70,153
93,99,192
85,80,165
62,95,157
8,26,34
71,86,157
40,74,114
60,45,105
15,16,31
36,22,58
9,23,32
10,40,50
29,81,110
25,26,51
18,15,33
89,40,129
1,15,16
65,78,143
82,42,124
4,34,38
32,71,103
45,70,115
23,7,30
3,51,54
6,19,25
57,71,128
7,38,45
47,3,50
82,25,107
32,38,70
54,91,145
89,7,96
72,14,86
14,88,102
72,28,100
90,53,143
36,48,84
5,89,94
3,27,30
73,85,158
48,44,92
20,69,89
65,59,124
64,2,66
43,16,59
32,41,73
60,20,80
81,87,168
73,60,133
41,81,122
69,62,131
86,60,146
7,13,20
81,5,86
95,18,113
7,37,44
84,23,107
84,16,100
6,65,71
54,8,62
68,9,77
18,64,82
58,18,76
61,46,107
48,7,55
54,59,113
19,79,98
54,46,100
95,84,179
83,38,121
80,99,179
92,32,124
50,95,145
15,42,57
73,7,80
99,45,144
95,42,137
22,40,62
87,9,96
17,53,70
27,86,113
27,41,68
95,68,163
95,4,99
81,75,156
82,6,88
45,57,102
76,48,124
87,79,166
95,15,110
29,5,34
1,46,47
92,22,114
78,14,92
42,100,142
82,84,166
78,66,144
26,100,126
42,68,110
31,31,62
71,39,110
37,99,136
56,29,85
36,80,116
28,18,46
77,78,155
36,42,78
82,99,181
52,13,65
24,17,41
19,65,84
22,64,86
1,34,35
35,28,63
52,93,145
20,27,47
77,65,142
89,71,160
61,51,112
30,90,120
39,23,62
55,17,72
61,1,62
73,44,117
54,38,92
22,81,103
35,93,128
21,21,42
90,71,161
62,25,87
61,91,152
67,38,105
97,92,189
5,40,45
32,16,48
41,84,125
81,57,138
75,7,82
58,94,152
9,82,91
54,33,87
100,74,174
64,52,116
97,81,178
33,19,52
40,95,135
26,99,125
15,35,50
29,17,46
37,11,48
43,38,81
38,82,120
91,42,133
28,93,121
57,86,143
18,90,108
82,31,113
36,97,133
92,44,136
92,78,170
32,23,55
63,32,95
11,28,39
41,64,105
32,85,117
49,47,96
29,21,50
20,14,34
66,2,68
63,55,118
99,11,110
33,94,127
90,66,156
84,41,125
18,86,104
94,79,173
15,38,53
90,17,107
55,71,126
32,21,53
88,3,91
39,13,52
45,77,122
26,5,31
88,9,97
22,92,114
83,39,122
65,1,66
57,42,99
3,81,84
38,98,136
56,63,119
66,5,71
22,34,56
97,20,117
56,69,125
99,37,136
6,11,17
9,58,67
13,16,29
73,56,129
5,43,48
87,5,92
39,90,129
62,62,124
9,52,61
46,36,82
75,65,140
96,90,186
40,69,109
73,87,160
20,72,92
95,88,183
61,12,73
27,96,123
47,49,96
41,70,111
20,31,51
59,93,152
17,73,90
64,45,109
1,20,21
50,80,130
39,84,123
30,85,115
17,52,69
12,67,79
6,35,41
21,66,87
18,3,21
40,81,121
82,16,98
83,19,102
14,44,58
95,45,140
13,30,43
46,73,119
18,1,19
79,78,157
26,11,37
18,48,66
32,29,61
76,87,163
81,56,137
100,7,107
41,98,139
30,4,34
39,77,116
68,75,143
36,52,88
85,64,149
52,28,80
3,37,40
62,12,74
6,83,89
76,32,108
67,77,144
28,78,106
5,5,10
39,49,88
2,39,41
10,27,37
6,90,96
46,8,54
39,39,78
44,49,93
6,42,48
18,96,114
68,66,134
52,50,102
41,100,141
83,89,172
65,42,107
89,100,189
58,24,82
98,39,137
8,5,13
22,80,102
34,50,84
77,56,133
26,63,89
51,9,60
39,97,136
70,23,93
7,67,74
100,31,131
50,36,86
50,10,60
55,2,57
24,10,34
27,63,90
18,86,104
65,62,127
35,69,104
78,17,95
97,18,115
66,85,151
84,9,93
79,18,97
2,23,25
95,42,137
31,50,81
18,58,76
12,2,14
54,55,109
70,14,84
31,82,113
14,14,28
63,23,86
24,95,119
52,38,90
64,74,138
29,48,77
80,56,136
86,35,121
78,44,122
2,84,86
53,44,97
76,86,162
33,78,111
91,16,107
38,55,93
36,56,92
77,18,95
26,80,106
1,43,44
48,38,86
7,66,73
96,1,97
3,4,7
61,40,101
85,9,94
20,29,49
64,98,162
32,58,90
40,69,109
68,81,149
62,66,128
40,76,116
19,37,56
17,72,89
20,2,22
47,82,129
55,76,131
87,61,148
42,20,62
6,89,95
27,64,91
57,86,143
3,99,102
86,4,90
29,58,87
4,80,84
48,84,132
21,14,35
53,88,141
45,87,132
21,37,58
58,49,107
92,3,95
73,31,104
84,60,144
70,67,137
38,61,99
80,92,172
62,96,158
43,23,66
56,37,93
91,15,106
2,67,69
13,50,63
62,25,87
13,39,52
56,13,69
37,96,133
56,80,136
68,79,147
63,54,117
50,1,51
91,60,151
70,36,106
19,64,83
43,72,115
41,38,79
81,11,92
83,88,171
53,37,90
49,6,55
30,39,69
29,91,120
64,11,75
90,22,112
78,54,132
9,97,106
41,69,110
12,84,96
11,66,77
94,92,186
65,51,116
82,20,102
29,37,66
51,14,65
33,31,64
19,58,77
63,39,102
83,64,147
62,24,86
100,33,133
85,14,99
70,59,129
10,82,92
23,27,50
62,80,142
38,33,71
46,46,92
20,70,90
35,11,46
95,42,137
6,2,8
37,92,129
63,17,80
53,98,151
99,51,150
70,44,114
33,60,93
71,63,134
59,23,82
9,78,87
76,45,121
23,29,52
100,92,192
62,22,84
26,24,50
44,30,74
63,78,141
98,44,142
19,28,47
31,19,50
83,28,111
63,24,87
6,71,77
2,79,81
98,77,175
21,58,79
39,2,41
15,19,34
51,58,109
7,82,89
73,17,90
87,74,161
39,35,74
64,40,104
94,86,180
99,93,192
66,40,106
77,38,115
16,95,111
29,10,39
93,78,171
84,58,142
98,21,119
60,32,92
64,62,126
78,75,153
97,11,108
16,13,29
49,74,123
52,21,73
60,2,62
4,60,64
23,33,56
72,58,130
46,66,112
58,1,59
71,97,168
79,13,92
59,24,83
34,27,61
90,59,149
16,43,59
55,10,65
27,15,42
3,5,8
8,78,86
99,10,109
7,89,96
38,5,43
70,59,129
53,31,84
40,35,75
50,78,128
30,36,66
25,89,114
70,75,145
5,45,50
49,83,132
40,59,99
33,68,101
14,90,104
6,78,84
15,90,105
4,5,9
12,45,57
90,72,162
58,32,90
63,80,143
78,55,133
12,90,102
68,80,148
96,64,160
58,87,145
55,2,57
97,9,106
42,77,119
94,92,186
35,16,51
32,4,36
83,95,178
5,16,21
23,29,52
46,13,59
12,43,55
87,96,183
75,11,86
91,75,166
100,31,131
29,62,91
43,71,114
90,28,118
33,47,80
75,18,93
79,97,176
52,76,128
51,4,55
86,10,96
58,37,95
71,45,116
7,87,94
38,61,99
100,94,194
75,5,80
28,64,92
73,17,90
17,43,60
81,56,137
66,3,69
29,43,72
14,48,62
52,2,54
83,88,171
85,6,91
43,3,46
57,87,144
59,6,65
3,74,77
94,91,185
53,76,129
90,88,178
13,82,95
75,58,133
32,46,78
86,82,168
46,91,137
48,16,64
9,17,26
92,23,115
46,73,119
80,78,158
6,83,89
78,5,83
68,19,87
43,51,94
6,28,34
72,86,158
92,90,182
16,73,89
88,79,167
92,94,186
35,93,128
61,59,120
81,34,115
68,78,146
41,28,69
38,21,59
90,23,113
69,64,133
53,28,81
46,16,62
4,22,26
41,92,133
55,91,146
56,69,125
86,42,128
54,98,152
32,39,71
76,82,158
75,94,169
90,8,98
92,36,128
61,5,66
23,92,115
85,91,176
47,98,145
22,24,46
79,81,160
82,42,124
9,93,102
41,36,77
56,20,76
48,79,127
86,55,141
94,18,112
13,25,38
74,93,167
74,17,91
89,48,137
5,76,81
11,82,93
85,21,106
37,19,56
29,32,61
40,35,75
79,32,111
77,84,161
30,26,56
16,81,97
83,41,124
57,17,74
74,98,172
30,89,119
9,16,25
19,18,37
85,10,95
29,69,98
5,27,32
56,94,150
100,64,164
46,66,112
76,27,103
76,39,115
75,65,140
45,75,120
1,2,3
73,73,146
13,21,34
67,97,164
60,28,88
43,76,119
92,39,131
29,61,90
36,76,112
36,59,95
5,41,46
57,48,105
12,42,54
95,14,109
29,64,93
40,31,71
58,50,108
94,56,150
85,72,157
62,21,83
23,75,98
76,7,83
30,26,56
44,25,69
47,51,98
53,43,96
55,20,75
59,76,135
3,50,53
58,71,129
43,80,123
58,5,63
98,8,106
47,48,95
56,24,80
87,62,149
8,61,69
100,59,159
24,77,101
62,15,77
17,14,31
13,25,38
8,56,64
19,4,23
20,80,100
56,84,140
87,59,146
24,100,124
11,39,50
36,69,105
23,49,72
17,35,52
79,83,162
24,61,85
43,26,69
21,42,63
90,80,170
71,73,144
14,2,16
6,54,60
85,55,140
30,40,70
57,75,132
80,81,161
39,69,108
24,98,122
77,85,162
64,68,132
37,67,104
53,18,71
41,50,91
66,1,67
86,31,117
27,70,97
64,25,89
91,84,175
23,13,36
47,66,113
28,40,68
37,87,124
9,20,29
46,68,114
100,82,182
86,14,100
35,37,72
25,75,100
49,12,61
9,90,99
85,14,99
57,11,68
19,18,37
10,15,25
24,49,73
22,31,53
46,73,119
81,3,84
8,71,79
48,89,137
82,29,111
72,85,157
59,41,100
50,64,114
94,61,155
66,56,122
66,80,146
70,96,166
76,55,131
56,3,59
55,39,94
55,57,112
53,13,66
35,78,113
49,15,64
48,15,63
87,35,122
14,62,76
57,63,120
68,76,144
46,24,70
9,25,34
14,31,45
53,90,143
64,22,86
88,88,176
41,40,81
82,72,154
65,65,130
15,50,65
70,46,116
13,87,100
8,79,87
94,61,155
63,85,148
82,45,127
6,34,40
21,84,105
26,80,106
99,44,143
98,71,169
52,94,146
29,1,30
13,45,58
40,78,118
27,79,106
19,26,45
50,84,134
26,84,110
86,29,115
69,42,111
17,91,108
42,3,45
82,47,129
31,57,88
63,2,65
89,40,129
36,62,98
30,99,129
73,70,143
89,72,161
58,27,85
57,38,95
69,12,81
37,98,135
21,66,87
27,59,86
14,47,61
18,61,79
100,42,142
11,57,68
34,67,101
7,41,48
68,94,162
46,45,91
78,3,81
29,30,59
54,96,150
96,48,144
91,70,161
68,11,79
4,48,52
4,52,56
99,3,102
66,52,118
38,49,87
32,35,67
76,92,168
32,99,131
76,36,112
46,43,89
19,96,115
69,99,168
94,74,168
15,61,76
58,100,158
52,58,110
40,37,77
43,100,143
91,71,162
62,65,127
64,33,97
64,55,119
20,78,98
44,61,105
14,21,35
79,84,163
21,99,120
42,24,66
8,17,25
32,29,61
14,59,73
62,26,88
73,71,144
57,38,95
17,88,105
9,81,90
86,92,178
26,39,65
11,31,42
75,65,140
39,12,51
72,97,169
74,3,77
40,77,117
38,98,136
35,38,73
1,52,53
32,25,57
59,59,118
6,1,7
32,33,65
70,17,87
19,5,24
31,62,93
87,99,186
12,4,16
97,17,114
33,15,48
14,1,15
4,64,68
18,13,31
46,73,119
60,99,159
81,25,106
95,20,115
4,98,102
75,43,118
52,38,90
82,33,115
2,31,33
53,98,151
91,21,112
95,84,179
70,22,92
80,52,132
22,87,109
9,72,81
72,47,119
15,12,27
92,32,124
100,73,173
41,4,45
32,59,91
61,75,136
14,16,30
7,74,81
46,94,140
3,26,29
35,31,66
7,71,78
58,81,139
6,20,26
81,85,166
59,88,147
74,55,129
81,84,165
79,88,167
100,52,152
21,64,85
6,100,106
28,76,104
60,64,124
9,77,86
38,95,133
68,35,103
18,67,85
4,58,62
97,6,103
4,74,78
4,7,11
95,51,146
99,21,120
42,13,55
22,35,57
70,94,164
39,44,83
26,47,73
80,98,178
51,94,145
35,21,56
68,82,150
49,61,110
15,69,84
75,95,170
34,41,75
66,28,94
47,62,109
40,10,50
73,81,154
78,17,95
48,37,85
69,72,141
32,90,122
82,58,140
53,58,111
75,92,167
82,23,105
30,39,69
6,9,15
15,26,41
56,26,82
29,44,73
65,39,104
11,90,101
28,86,114
30,14,44
43,4,47
61,2,63
90,45,135
98,70,168
36,39,75
81,90,171
41,37,78
45,21,66
19,97,116
77,48,125
14,62,76
26,4,30
38,50,88
81,85,166
91,60,151
49,21,70
80,55,135
89,57,146
75,22,97
85,63,148
40,42,82
84,88,172
1,87,88
24,9,33
78,41,119
84,72,156
52,31,83
84,55,139
29,8,37
52,67,119
76,56,132
45,56,101
34,18,52
82,57,139
38,46,84
57,58,115
29,96,125
57,35,92
59,89,148
63,27,90
29,38,67
84,50,134
32,60,92
9,46,55
47,84,131
60,47,107
12,33,45
45,20,65
96,68,164
60,70,130
22,94,116
92,67,159
5,58,63
16,68,84
29,3,32
63,18,81
76,84,160
26,47,73
75,72,147
52,82,134
21,52,73
94,82,176
44,63,107
58,65,123
81,19,100
11,2,13
44,14,58
18,16,34
59,41,100
87,9,96
10,58,68
68,73,141
56,38,94
58,54,112
63,5,68
62,85,147
46,40,86
4,73,77
20,49,69
14,87,101
78,94,172
49,43,92
86,29,115
77,60,137
52,19,71
18,73,91
19,77,96
55,55,110
62,16,78
80,30,110
28,76,104
87,79,166
43,55,98
25,67,92
97,87,184
60,95,155
66,82,148
87,52,139
68,10,78
91,59,150
45,43,88
96,90,186
76,62,138
28,71,99
81,35,116
52,23,75
45,89,134
78,20,98
69,75,144
46,13,59
13,67,80
54,60,114
43,48,91
55,81,136
96,21,117
34,25,59
58,32,90
73,21,94
71,23,94
3,6,9
33,58,91
45,79,124
31,84,115
53,53,106
77,97,174
32,61,93
27,43,70
28,53,81
56,76,132
30,29,59
61,65,126
91,24,115
97,55,152
31,8,39
76,11,87
50,83,133
15,3,18
18,92,110
46,23,69
96,43,139
58,29,87
6,36,42
20,1,21
45,1,46
65,99,164
9,20,29
91,79,170
8,38,46
20,58,78
67,46,113
50,18,68
37,87,124
79,100,179
83,31,114
38,36,74
60,16,76
40,57,97
58,12,70
32,74,106
6,67,73
9,28,37
77,100,177
15,83,98
90,33,123
65,47,112
31,42,73
88,83,171
40,66,106
29,6,35
15,38,53
57,82,139
68,90,158
24,30,54
96,5,101
88,67,155
98,3,101
60,12,72
47,100,147
46,77,123
15,37,52
65,2,67
32,2,34
39,53,92
65,58,123
100,73,173
49,63,112
18,9,27
33,87,120
39,76,115
27,78,105
44,17,61
68,51,119
33,43,76
100,72,172
85,10,95
40,18,58
69,48,117
35,5,40
6,9,15
82,2,84
43,27,70
56,82,138
84,6,90
37,5,42
17,26,43
8,100,108
86,94,180
99,99,198
92,45,137
46,74,120
68,51,119
58,79,137
16,1,17
74,61,135
31,78,109
7,74,81
18,45,63
62,1,63
27,51,78
34,26,60
86,47,133
56,36,92
73,7,80
85,37,122
29,46,75
15,87,102
17,72,89
10,29,39
74,68,142
81,93,174
61,32,93
40,87,127
10,58,68
1,73,74
66,83,149
19,16,35
97,4,101
22,10,32
57,82,139
9,23,32
81,39,120
74,16,90
9,15,24
77,69,146
8,37,45
84,41,125
14,43,57
38,34,72
11,53,64
96,57,153
48,59,107
49,9,58
73,82,155
47,23,70
42,77,119
40,26,66
50,93,143
71,32,103
91,6,97
21,67,88
42,38,80
42,65,107
89,90,179
16,75,91
34,42,76
88,26,114
89,69,158
73,12,85
31,23,54
40,48,88
64,25,89
95,64,159
99,20,119
35,75,110
19,12,31
75,72,147
24,33,57
41,65,106
48,57,105
2,95,97
33,18,51
8,14,22
67,65,132
30,36,66
77,76,153
78,91,169
52,41,93
41,91,132
22,44,66
1,64,65
100,44,144
91,29,120
1,18,19
92,67,159
55,34,89
89,62,151
52,90,142
98,76,174
13,5,18
11,56,67
99,59,158
87,17,104
64,81,145
47,47,94
20,63,83
96,44,140
9,44,53
41,6,47
15,71,86
77,88,165
93,85,178
63,61,124
25,31,56
25,95,120
62,62,124
55,79,134
41,60,101
78,80,158
18,60,78
100,93,193
40,60,100
39,54,93
35,17,52
24,11,35
24,43,67
33,95,128
76,39,115
35,41,76
1,22,23
73,66,139
86,82,168
43,75,118
55,46,101
10,74,84
42,95,137
1,25,26
88,50,138
65,76,141
30,65,95
54,86,140
97,47,144
14,68,82
13,70,83
71,26,97
37,67,104
23,31,54
65,15,80
82,73,155
46,13,59
27,54,81
70,48,118
75,96,171
21,48,69
51,8,59
16,8,24
3,67,70
4,47,51
26,69,95
11,19,30
79,8,87
69,71,140
6,72,78
8,21,29
68,25,93
1,11,12
63,37,100
19,61,80
96,64,160
35,46,81
14,20,34
22,27,49
79,31,110
22,48,70
30,56,86
26,12,38
94,54,148
17,89,106
94,88,182
22,43,65
77,77,154
37,51,88
6,33,39
1,1,2
81,8,89
63,76,139
80,82,162
53,55,108
16,40,56
62,3,65
3,11,14
18,51,69
77,95,172
51,16,67
47,65,112
54,2,56
1,36,37
49,26,75
6,99,105
38,49,87
50,35,85
31,100,131
65,62,127
94,11,105
87,57,144
24,38,62
48,32,80
12,20,32
85,17,102
37,70,107
65,60,125
65,90,155
80,75,155
45,5,50
57,58,115
55,75,130
29,57,86
49,38,87
36,54,90
31,99,130
73,72,145
64,91,155
73,65,138
57,73,130
68,1,69
76,50,126
52,8,60
8,13,21
29,58,87
11,87,98
51,82,133
12,52,64
54,25,79
70,88,158
25,45,70
67,57,124
41,78,119
1,85,86
22,11,33
96,69,165
21,94,115
40,34,74
5,22,27
70,6,76
10,79,89
61,27,88
30,32,62
9,17,26
96,39,135
59,25,84
36,40,76
61,64,125
92,55,147
22,52,74
8,45,53
52,79,131
67,2,69
53,42,95
89,24,113
57,62,119
25,58,83
86,30,116
91,58,149
95,23,118
35,95,130
17,8,25
3,43,46
66,77,143
15,44,59
18,98,116
19,51,70
63,54,117
79,81,160
83,41,124
71,97,168
52,99,151
64,56,120
45,89,134
70,31,101
53,61,114
34,91,125
30,43,73
84,31,115
27,34,61
52,48,100
38,52,90
36,2,38
33,57,90
66,96,162
16,58,74
64,14,78
2,92,94
44,45,89
10,79,89
34,83,117
9,36,45
73,60,133
34,26,60
84,37,121
92,92,184
40,14,54
93,1,94
90,60,150
72,82,154
8,73,81
44,10,54
19,12,31
43,52,95
41,8,49
81,7,88
35,81,116
2,84,86
52,35,87
2,34,36
50,71,121
90,30,120
92,49,141
100,47,147
31,34,65
61,45,106
85,56,141
35,19,54
81,88,169
10,87,97
62,82,144
8,40,48
89,82,171
19,25,44
44,11,55
32,18,50
26,33,59
31,17,48
11,12,23
17,41,58
79,64,143
57,13,70
80,16,96
3,27,30
54,9,63
100,84,184
53,86,139
30,20,50
66,13,79
85,8,93
22,58,80
80,72,152
48,83,131
60,24,84
17,95,112
96,56,152
62,12,74
52,71,123
23,43,66
42,100,142
89,59,148
72,34,106
98,19,117
71,57,128
54,86,140
84,67,151
38,25,63
4,10,14
42,55,97
63,32,95
57,42,99
14,29,43
81,65,146
77,45,122
40,68,108
1,92,93
74,37,111
42,85,127
91,31,122
43,33,76
90,10,100
64,5,69
7,4,11
66,24,90
90,15,105
66,77,143
78,75,153
21,84,105
30,40,70
46,30,76
68,89,157
1,26,27
68,60,128
18,10,28
33,81,114
90,66,156
21,7,28
21,87,108
32,8,40
6,94,100
89,1,90
85,33,118
86,5,91
100,82,182
12,37,49
86,34,120
25,83,108
20,65,85
14,72,86
70,42,112
15,12,27
94,37,131
25,4,29
33,13,46
70,22,92
1,56,57
64,72,136
60,50,110
18,49,67
49,76,125
70,31,101
16,65,81
49,94,143
34,18,52
13,94,107
18,39,57
18,18,36
81,20,101
48,16,64
33,58,91
61,50,111
84,36,120
44,85,129
96,72,168
78,22,100
10,19,29
85,66,151
34,34,68
74,6,80
10,87,97
15,11,26
85,17,102
12,2,14
38,5,43
86,63,149
88,49,137
39,53,92
31,80,111
61,16,77
45,72,117
7,67,74
26,90,116
29,76,105
77,62,139
14,81,95
57,76,133
42,91,133
11,56,67
68,57,125
77,16,93
47,57,104
10,21,31
35,8,43
56,71,127
39,71,110
33,24,57
23,22,45
40,75,115
40,48,88
54,49,103
16,23,39
2,91,93
68,21,89
8,72,80
18,84,102
16,42,58
56,97,153
32,83,115
71,91,162
79,65,144
13,8,21
50,19,69
50,67,117
80,23,103
24,47,71
37,66,103
31,62,93
25,10,35
71,33,104
34,18,52
27,3,30
29,2,31
61,7,68
97,60,157
73,43,116
93,87,180
31,100,131
59,75,134
86,94,180
60,34,94
77,41,118
29,61,90
81,42,123
38,73,111
42,85,127
84,21,105
10,17,27
99,63,162
15,39,54
48,81,129
100,11,111
23,24,47
19,3,22
53,98,151
12,58,70
81,28,109
99,53,152
52,93,145
97,29,126
95,71,166
84,59,143
10,51,61
8,36,44
21,62,83
55,14,69
46,91,137
23,11,34
41,95,136
1,27,28
70,22,92
55,36,91
76,94,170
25,47,72
29,74,103
65,24,89
89,32,121
80,20,100
2,95,97
86,66,152
5,58,63
34,20,54
97,80,177
47,1,48
52,85,137
82,23,105
40,55,95
46,5,51
76,94,170
34,46,80
85,76,161
4,19,23
33,17,50
48,60,108
10,34,44
100,76,176
11,16,27
47,35,82
45,35,80
20,21,41
98,41,139
89,63,152
87,12,99
2,8,10
47,10,57
20,21,41
77,85,162
36,6,42
86,72,158
58,65,123
47,93,140
68,27,95
13,60,73
17,43,60
15,65,80
64,72,136
88,28,116
60,95,155
56,2,58
88,22,110
69,95,164
74,62,136
45,88,133
36,92,128
41,32,73
39,78,117
7,21,28
34,6,40
79,19,98
1,33,34
50,55,105
26,25,51
12,63,75
77,28,105
78,45,123
26,98,124
63,95,158
69,82,151
83,24,107
84,40,124
84,70,154
27,37,64
14,86,100
75,50,125
15,99,114
49,22,71
95,94,189
96,16,112
4,33,37
47,49,96
48,14,62
95,60,155
74,60,134
32,82,114
41,75,116
62,48,110
71,56,127
41,25,66
66,76,142
68,99,167
82,47,129
70,14,84
17,27,44
48,64,112
67,50,117
19,86,105
56,11,67
51,79,130
53,2,55
31,69,100
17,38,55
48,43,91
11,61,72
53,74,127
23,38,61
77,65,142
6,2,8
74,44,118
42,28,70
41,61,102
7,59,66
85,53,138
97,47,144
72,62,134
32,11,43
89,28,117
60,35,95
76,90,166
78,79,157
85,71,156
47,54,101
43,68,111
54,17,71
29,96,125
88,17,105
70,43,113
92,20,112
85,74,159
43,76,119
79,4,83
33,22,55
76,38,114
61,46,107
86,93,179
35,63,98
73,17,90
91,73,164
51,69,120
5,31,36
91,70,161
45,92,137
81,80,161
28,97,125
67,3,70
76,12,88
22,66,88
72,38,110
24,21,45
5,75,80
45,72,117
35,33,68
78,6,84
85,95,180
59,29,88
94,8,102
50,38,88
68,57,125
41,30,71
50,62,112
39,2,41
7,59,66
47,97,144
94,8,102
87,94,181
33,77,110
87,29,116
93,9,102
85,48,133
75,64,139
37,71,108
40,59,99
7,97,104
16,6,22
90,28,118
61,89,150
95,69,164
83,96,179
76,56,132
61,89,150
87,23,110
24,48,72
95,17,112
58,80,138
6,3,9
22,92,114
71,50,121
2,74,76
28,38,66
68,55,123
17,77,94
13,30,43
26,84,110
37,36,73
45,33,78
99,47,146
29,7,36
78,49,127
46,36,82
10,25,35
41,65,106
59,69,128
54,59,113
2,46,48
11,23,34
52,48,100
38,11,49
40,19,59
39,66,105
54,61,115
50,87,137
25,73,98
87,36,123
89,58,147
17,69,86
86,30,116
10,44,54
14,44,58
81,79,160
1,86,87
73,14,87
84,99,183
57,37,94
1,13,14
60,61,121
48,100,148
48,68,116
24,30,54
31,19,50
98,80,178
37,59,96
42,20,62
23,25,48
29,35,64
58,34,92
95,54,149
79,71,150
82,93,175
94,84,178
10,41,51
71,82,153
76,38,114
7,79,86
74,46,120
74,81,155
62,65,127
4,90,94
96,28,124
100,57,157
5,62,67
54,70,124
50,84,134
6,69,75
60,98,158
77,12,89
71,82,153
77,53,130
93,27,120
10,19,29
29,37,66
69,8,77
84,51,135
91,88,179
8,3,11
78,86,164
74,27,101
36,90,126
74,54,128
54,81,135
16,24,40
13,83,96
64,22,86
40,71,111
74,79,153
58,33,91
92,10,102
36,77,113
70,97,167
54,91,145
58,94,152
7,56,63
21,2,23
27,35,62
74,23,97
34,69,103
32,24,56
43,48,91
46,32,78
53,12,65
70,37,107
25,82,107
13,17,30
28,6,34
78,31,109
93,54,147
95,5,100
78,97,175
15,59,74
11,40,51
5,45,50
79,86,165
56,19,75
1,83,84
53,65,118
24,77,101
40,76,116
13,20,33
86,60,146
27,92,119
1,20,21
70,72,142
98,41,139
30,63,93
69,11,80
33,17,50
76,57,133
6,45,51
66,28,94
93,67,160
37,90,127
4,10,14
49,37,86
91,61,152
36,87,123
55,86,141
87,90,177
42,11,53
86,55,141
